0.0000000000
0.1342281879
0.2684563758
0.4026845638
0.5369127517
0.6711409396
0.8053691275
0.9395973154
1.0738255034
1.2080536913
1.3422818792
1.4765100671
1.6107382550
1.7449664430
1.8791946309
2.0134228188
2.1476510067
2.2818791946
2.4161073826
2.5503355705
2.6845637584
2.8187919463
2.9530201342
3.0872483221
3.2214765101
3.3557046980
3.4899328859
3.6241610738
3.7583892617
3.8926174497
4.0268456376
4.1610738255
4.2953020134
4.4295302013
4.5637583893
4.6979865772
4.8322147651
4.9664429530
4.8993288591
4.7651006711
4.6308724832
4.4966442953
4.3624161074
4.2281879195
4.0939597315
3.9597315436
3.8255033557
3.6912751678
3.5570469799
3.4228187919
3.2885906040
3.1543624161
3.0201342282
2.8859060403
2.7516778523
2.6174496644
2.4832214765
2.3489932886
2.2147651007
2.0805369128
1.9463087248
1.8120805369
1.6778523490
1.5436241611
1.4093959732
1.2751677852
1.1409395973
1.0067114094
0.8724832215
0.7382550336
0.6040268456
0.4697986577
0.3355704698
0.2013422819
0.0671140940
0.0671140940
0.2013422819
0.3355704698
0.4697986577
0.6040268456
0.7382550336
0.8724832215
1.0067114094
1.1409395973
1.2751677852
1.4093959732
1.5436241611
1.6778523490
1.8120805369
1.9463087248
2.0805369128
2.2147651007
2.3489932886
2.4832214765
2.6174496644
2.7516778523
2.8859060403
3.0201342282
3.1543624161
3.2885906040
3.4228187919
3.5570469799
3.6912751678
3.8255033557
3.9597315436
4.0939597315
4.2281879195
4.3624161074
4.4966442953
4.6308724832
4.7651006711
4.8993288591
4.9664429530
4.8322147651
4.6979865772
4.5637583893
4.4295302013
4.2953020134
4.1610738255
4.0268456376
3.8926174497
3.7583892617
3.6241610738
3.4899328859
3.3557046980
3.2214765101
3.0872483221
2.9530201342
2.8187919463
2.6845637584
2.5503355705
2.4161073826
2.2818791946
2.1476510067
2.0134228188
1.8791946309
1.7449664430
1.6107382550
1.4765100671
1.3422818792
1.2080536913
1.0738255034
0.9395973154
0.8053691275
0.6711409396
0.5369127517
0.4026845638
0.2684563758
0.1342281879
0.0000000000
