3.141592653589793
3.147888430450695
3.154184207311596
3.160479984172498
3.166775761033399
3.173071537894301
3.179367314755202
3.185663091616104
3.191958868477005
3.198254645337907
3.204550422198809
3.210846199059710
3.217141975920612
3.223437752781513
3.229733529642415
3.236029306503316
3.242325083364218
3.248620860225119
3.254916637086021
3.261212413946923
3.267508190807824
3.273803967668726
3.280099744529627
3.286395521390529
3.292691298251430
3.298987075112332
3.305282851973233
3.311578628834135
3.317874405695036
3.324170182555938
3.330465959416840
3.336761736277741
3.343057513138643
3.349353289999544
3.355649066860446
3.361944843721347
3.368240620582249
3.374536397443150
3.380832174304052
3.387127951164953
3.393423728025855
3.399719504886757
3.406015281747658
3.412311058608560
3.418606835469461
3.424902612330363
3.431198389191264
3.437494166052166
3.443789942913067
3.450085719773969
3.456381496634870
3.462677273495772
3.468973050356674
3.475268827217575
3.481564604078477
3.487860380939378
3.494156157800280
3.500451934661181
3.506747711522083
3.513043488382984
3.519339265243886
3.525635042104788
3.531930818965689
3.538226595826591
3.544522372687492
3.550818149548394
3.557113926409295
3.563409703270197
3.569705480131098
3.576001256992000
3.582297033852901
3.588592810713803
3.594888587574705
3.601184364435606
3.607480141296508
3.613775918157409
3.620071695018311
3.626367471879212
3.632663248740114
3.638959025601015
3.645254802461917
3.651550579322818
3.657846356183720
3.664142133044622
3.670437909905523
3.676733686766425
3.683029463627326
3.689325240488228
3.695621017349129
3.701916794210031
3.708212571070932
3.714508347931834
3.720804124792735
3.727099901653637
3.733395678514539
3.739691455375440
3.745987232236342
3.752283009097243
3.758578785958145
3.764874562819046
3.771170339679948
3.777466116540849
3.783761893401751
3.790057670262653
3.796353447123554
3.802649223984456
3.808945000845357
3.815240777706259
3.821536554567160
3.827832331428062
3.834128108288963
3.840423885149865
3.846719662010766
3.853015438871668
3.859311215732570
3.865606992593471
3.871902769454373
3.878198546315274
3.884494323176176
3.890790100037077
3.897085876897979
3.903381653758880
3.909677430619782
3.915973207480683
3.922268984341585
3.928564761202487
3.934860538063388
3.941156314924290
3.947452091785191
3.953747868646093
3.960043645506994
3.966339422367896
3.972635199228797
3.978930976089699
3.985226752950600
3.991522529811502
3.997818306672404
4.004114083533305
4.010409860394207
4.016705637255108
4.023001414116010
4.029297190976911
4.035592967837813
4.041888744698714
4.048184521559616
4.054480298420517
4.060776075281419
4.067071852142321
4.073367629003222
4.079663405864124
4.085959182725025
4.092254959585927
4.098550736446828
4.104846513307730
4.111142290168631
4.117438067029533
4.123733843890435
4.130029620751336
4.136325397612238
4.142621174473139
4.148916951334041
4.155212728194942
4.161508505055844
4.167804281916745
4.174100058777647
4.180395835638548
4.186691612499450
4.192987389360352
4.199283166221253
4.205578943082155
4.211874719943056
4.218170496803958
4.224466273664859
4.230762050525761
4.237057827386662
4.243353604247564
4.249649381108465
4.255945157969367
4.262240934830269
4.268536711691170
4.274832488552072
4.281128265412973
4.287424042273875
4.293719819134776
4.300015595995678
4.306311372856579
4.312607149717481
4.318902926578382
4.325198703439284
4.331494480300186
4.337790257161087
4.344086034021989
4.350381810882890
4.356677587743792
4.362973364604693
4.369269141465595
4.375564918326496
4.381860695187398
4.388156472048300
4.394452248909201
4.400748025770103
4.407043802631004
4.413339579491906
4.419635356352807
4.425931133213709
4.432226910074610
4.438522686935512
4.444818463796413
4.451114240657315
4.457410017518217
4.463705794379118
4.470001571240020
4.476297348100921
4.482593124961823
4.488888901822724
4.495184678683626
4.501480455544527
4.507776232405429
4.514072009266330
4.520367786127232
4.526663562988134
4.532959339849035
4.539255116709937
4.545550893570838
4.551846670431740
4.558142447292641
4.564438224153543
4.570734001014444
4.577029777875346
4.583325554736247
4.589621331597149
4.595917108458051
4.602212885318952
4.608508662179854
4.614804439040755
4.621100215901657
4.627395992762558
4.633691769623460
4.639987546484361
4.646283323345263
4.652579100206164
4.658874877067066
4.665170653927968
4.671466430788869
4.677762207649771
4.684057984510672
4.690353761371574
4.696649538232475
4.702945315093377
4.709241091954278
4.715536868815180
4.721832645676082
4.728128422536983
4.734424199397885
4.740719976258786
4.747015753119688
4.753311529980589
4.759607306841491
4.765903083702392
4.772198860563294
4.778494637424195
4.784790414285097
4.791086191145999
4.797381968006900
4.803677744867802
4.809973521728703
4.816269298589605
4.822565075450506
4.828860852311408
4.835156629172309
4.841452406033211
4.847748182894112
4.854043959755014
4.860339736615916
4.866635513476817
4.872931290337719
4.879227067198620
4.885522844059522
4.891818620920423
4.898114397781325
4.904410174642226
4.910705951503128
4.917001728364029
4.923297505224931
4.929593282085833
4.935889058946734
4.942184835807636
4.948480612668537
4.954776389529439
4.961072166390340
4.967367943251242
4.973663720112143
4.979959496973045
4.986255273833947
4.992551050694848
4.998846827555750
5.005142604416651
5.011438381277553
5.017734158138454
5.024029934999356
5.030325711860257
5.036621488721159
5.042917265582060
5.049213042442962
5.055508819303864
5.061804596164765
5.068100373025667
5.074396149886568
5.080691926747470
5.086987703608371
5.093283480469273
5.099579257330174
5.105875034191076
5.112170811051977
5.118466587912879
5.124762364773781
5.131058141634682
5.137353918495584
5.143649695356485
5.149945472217387
5.156241249078288
5.162537025939190
5.168832802800091
5.175128579660993
5.181424356521894
5.187720133382796
5.194015910243698
5.200311687104599
5.206607463965501
5.212903240826402
5.219199017687304
5.225494794548205
5.231790571409107
5.238086348270008
5.244382125130910
5.250677901991812
5.256973678852713
5.263269455713615
5.269565232574516
5.275861009435418
5.282156786296319
5.288452563157221
5.294748340018122
5.301044116879024
5.307339893739925
5.313635670600827
5.319931447461729
5.326227224322630
5.332523001183532
5.338818778044433
5.345114554905335
5.351410331766236
5.357706108627138
5.364001885488039
5.370297662348941
5.376593439209842
5.382889216070744
5.389184992931646
5.395480769792547
5.401776546653449
5.408072323514350
5.414368100375252
5.420663877236153
5.426959654097055
5.433255430957956
5.439551207818858
5.445846984679759
5.452142761540661
5.458438538401563
5.464734315262464
5.471030092123366
5.477325868984267
5.483621645845169
5.489917422706070
5.496213199566972
5.502508976427873
5.508804753288775
5.515100530149676
5.521396307010578
5.527692083871480
5.533987860732381
5.540283637593283
5.546579414454184
5.552875191315086
5.559170968175987
5.565466745036889
5.571762521897790
5.578058298758692
5.584354075619594
5.590649852480495
5.596945629341397
5.603241406202298
5.609537183063200
5.615832959924101
5.622128736785003
5.628424513645904
5.634720290506806
5.641016067367707
5.647311844228609
5.653607621089511
5.659903397950412
5.666199174811314
5.672494951672215
5.678790728533117
5.685086505394018
5.691382282254920
5.697678059115821
5.703973835976723
5.710269612837624
5.716565389698526
5.722861166559428
5.729156943420329
5.735452720281231
5.741748497142132
5.748044274003034
5.754340050863935
5.760635827724837
5.766931604585738
5.773227381446640
5.779523158307541
5.785818935168443
5.792114712029345
5.798410488890246
5.804706265751148
5.811002042612049
5.817297819472951
5.823593596333852
5.829889373194754
5.836185150055655
5.842480926916557
5.848776703777459
5.855072480638360
5.861368257499262
5.867664034360163
5.873959811221065
5.880255588081966
5.886551364942868
5.892847141803769
5.899142918664671
5.905438695525572
5.911734472386474
5.918030249247376
5.924326026108277
5.930621802969179
5.936917579830080
5.943213356690982
5.949509133551883
5.955804910412785
5.962100687273686
5.968396464134588
5.974692240995489
5.980988017856391
5.987283794717293
5.993579571578194
5.999875348439096
6.006171125299997
6.012466902160899
6.018762679021800
6.025058455882702
6.031354232743603
6.037650009604505
6.043945786465406
6.050241563326308
6.056537340187210
6.062833117048111
6.069128893909013
6.075424670769914
6.081720447630816
6.088016224491717
6.094312001352619
6.100607778213520
6.106903555074422
6.113199331935323
6.119495108796225
6.125790885657127
6.132086662518028
6.138382439378930
6.144678216239831
6.150973993100733
6.157269769961634
6.163565546822536
6.169861323683437
6.176157100544339
6.182452877405241
6.188748654266142
6.195044431127044
6.201340207987945
6.207635984848847
6.213931761709748
6.220227538570650
6.226523315431551
6.232819092292453
6.239114869153354
6.245410646014256
6.251706422875158
6.258002199736059
6.264297976596961
6.270593753457862
6.276889530318764
6.283185307179665
