15.000000000000011
14.553761456448026
14.121333682048306
13.702271550410742
13.296144115907440
12.902534196044314
12.521037963812223
12.151264549913325
11.792835654750938
11.445385170064672
11.108558810086501
10.782013752088009
10.465418286184097
10.158451474254065
9.860802817837017
9.572171934855167
9.292268245015542
9.020810663738072
8.757527304455810
8.502155189131262
8.254439966831370
8.014135640202497
7.781004299686087
7.554815865315037
7.335347835930740
7.122385045660625
6.915719427496456
6.715149783814073
6.520481563675968
6.331526646759077
6.148103133751144
5.970035143060427
5.797152613684769
5.629291114087769
5.466291656931334
5.308000519515839
5.154269069780895
5.004953597721874
4.859915152079302
4.719019382160527
4.582136384655220
4.449140555308627
4.319910445318818
4.194328622326585
4.072281535869104
3.953659387170870
3.838356003148037
3.726268714504664
3.617298237801987
3.511348561384370
3.408326835048060
3.308143263341472
3.210711002388264
3.115946060126898
3.023767199863030
2.934095847033440
2.846855999082763
2.761974138356721
2.679379147917950
2.599002230192980
2.520776828361255
2.444638550399421
2.370525095696461
2.298376184157505
2.228133487716358
2.159740564179068
2.093142793322964
2.028287315177727
1.965122970417182
1.903600242792527
1.843671203539715
1.785289457695697
1.728410092260158
1.672989626141248
1.618985961825672
1.566358338715309
1.515067288074276
1.465074589532096
1.416343229090284
1.368837358581336
1.322522256530667
1.277364290373638
1.233330879981305
1.190390462450010
1.148512458111382
1.107667237720702
1.067826090782961
1.028961194977247
0.991045586641433
0.954053132280315
0.917958501061637
0.882737138265580
0.848365239654468
0.814819726730510
0.782078222850543
0.750119030167749
0.718921107371316
0.688464048196068
0.658728060674971
0.629693947108400
0.601343084724903
0.573657407009135
0.546619385673393
0.520212013250067
0.494418786283074
0.469223689097119
0.444611178124361
0.420566166768779
0.397074010789225
0.374120494182816
0.351691815550964
0.329774574930979
0.308355761076758
0.287422739172691
0.266963238965446
0.246965343298867
0.227417477037724
0.208308396366577
0.189627178450496
0.171363211444870
0.153506184841968
0.136046080142383
0.118973161839904
0.102277968708776
0.085951305382697
0.069984234215296
0.054368067412196
0.039094359425140
0.024154899598958
0.009541705062555
-0.004752986144657
-0.018736721719089
-0.032416841520014
-0.045800483784959
-0.058894591140823
-0.071705916417821
-0.084241028273104
-0.096506316630660
-0.108507997943849
-0.120252120286710
-0.131744568279939
-0.142991067857259
-0.153997190877630
-0.164768359588642
-0.175309850946142
-0.185626800795050
-0.195724207916080
-0.205606937942942
-0.215279727154428
-0.224747186145629
-0.234013803382361
-0.243083948642768
-0.251961876349881
-0.260651728798815
-0.269157539282121
-0.277483235116727
-0.285632640575723
-0.293609479728172
-0.301417379190008
-0.309059870788946
-0.316540394146263
-0.323862299178170
-0.331028848519432
-0.338043219871766
-0.344908508279486
-0.351627728334756
-0.358203816314730
-0.364639632252794
-0.370937961946025
-0.377101518900915
-0.383132946219350
-0.389034818426730
-0.394809643244087
-0.400459863305965
-0.405987857825785
-0.411395944210327
-0.416686379624941
-0.421861362511020
-0.426923034057205
-0.431873479625776
-0.436714730135586
-0.441448763402887
-0.446077505441329
-0.450602831722364
-0.455026568397267
-0.459350493481919
-0.463576338005466
-0.467705787123939
-0.471740481199858
-0.475682016848839
-0.479531947954154
-0.483291786650192
-0.486963004275706
-0.490547032297727
-0.494045263206973
-0.497459051385573
-0.500789713947870
-0.504038531555074
-0.507206749204473
-0.510295576993919
-0.513306190862250
-0.516239733306309
-0.519097314075186
-0.521880010842288
-0.524588869855815
-0.527224906568227
-0.529789106245210
-0.532282424554698
-0.534705788136434
-0.537060095152565
-0.539346215819734
-0.541564992923120
-0.543717242312864
-0.545803753383293
-0.547825289535344
-0.549782588622579
-0.551676363381154
-0.553507301844100
-0.555276067740275
-0.556983300878282
-0.558629617515707
-0.560215610713944
-0.561741850678930
-0.563208885088039
-0.564617239403416
-0.565967417172006
-0.567259900312507
-0.568495149389501
-0.569673603874951
-0.570795682397313
-0.571861782978429
-0.572872283258406
-0.573827540708658
-0.574727892833286
-0.575573657358940
-0.576365132413330
-0.577102596692523
-0.577786309617149
-0.578416511477656
-0.578993423568709
-0.579517248312858
-0.579988169373555
-0.580406351757623
-0.580771941907251
-0.581085067781578
-0.581345838927954
-0.581554346542906
-0.581710663522875
-0.581814844504762
-0.581866925896301
-0.581866925896300
-0.581814844504761
-0.581710663522874
-0.581554346542903
-0.581345838927951
-0.581085067781574
-0.580771941907246
-0.580406351757618
-0.579988169373549
-0.579517248312851
-0.578993423568702
-0.578416511477648
-0.577786309617141
-0.577102596692514
-0.576365132413320
-0.575573657358930
-0.574727892833276
-0.573827540708647
-0.572872283258393
-0.571861782978416
-0.570795682397299
-0.569673603874936
-0.568495149389485
-0.567259900312492
-0.565967417171989
-0.564617239403399
-0.563208885088021
-0.561741850678911
-0.560215610713924
-0.558629617515686
-0.556983300878261
-0.555276067740253
-0.553507301844078
-0.551676363381130
-0.549782588622555
-0.547825289535319
-0.545803753383267
-0.543717242312837
-0.541564992923092
-0.539346215819706
-0.537060095152536
-0.534705788136404
-0.532282424554667
-0.529789106245178
-0.527224906568195
-0.524588869855782
-0.521880010842253
-0.519097314075151
-0.516239733306273
-0.513306190862213
-0.510295576993881
-0.507206749204434
-0.504038531555034
-0.500789713947829
-0.497459051385531
-0.494045263206930
-0.490547032297683
-0.486963004275661
-0.483291786650146
-0.479531947954107
-0.475682016848790
-0.471740481199808
-0.467705787123888
-0.463576338005414
-0.459350493481865
-0.455026568397213
-0.450602831722308
-0.446077505441272
-0.441448763402829
-0.436714730135526
-0.431873479625714
-0.426923034057142
-0.421861362510956
-0.416686379624876
-0.411395944210260
-0.405987857825717
-0.400459863305895
-0.394809643244015
-0.389034818426657
-0.383132946219276
-0.377101518900839
-0.370937961945947
-0.364639632252715
-0.358203816314649
-0.351627728334673
-0.344908508279401
-0.338043219871679
-0.331028848519343
-0.323862299178080
-0.316540394146171
-0.309059870788852
-0.301417379189911
-0.293609479728073
-0.285632640575622
-0.277483235116624
-0.269157539282016
-0.260651728798707
-0.251961876349772
-0.243083948642656
-0.234013803382246
-0.224747186145512
-0.215279727154309
-0.205606937942820
-0.195724207915956
-0.185626800794923
-0.175309850946012
-0.164768359588509
-0.153997190877494
-0.142991067857120
-0.131744568279797
-0.120252120286564
-0.108507997943701
-0.096506316630508
-0.084241028272949
-0.071705916417663
-0.058894591140661
-0.045800483784793
-0.032416841519844
-0.018736721718916
-0.004752986144480
0.009541705062736
0.024154899599143
0.039094359425328
0.054368067412389
0.069984234215493
0.085951305382899
0.102277968708983
0.118973161840115
0.136046080142599
0.153506184842189
0.171363211445096
0.189627178450727
0.208308396366813
0.227417477037966
0.246965343299114
0.266963238965698
0.287422739172949
0.308355761077022
0.329774574931249
0.351691815551242
0.374120494183099
0.397074010789515
0.420566166769076
0.444611178124665
0.469223689097430
0.494418786283393
0.520212013250393
0.546619385673727
0.573657407009477
0.601343084725253
0.629693947108758
0.658728060675339
0.688464048196443
0.718921107371701
0.750119030168144
0.782078222850948
0.814819726730924
0.848365239654892
0.882737138266016
0.917958501062083
0.954053132280772
0.991045586641901
1.028961194977727
1.067826090783452
1.107667237721207
1.148512458111899
1.190390462450540
1.233330879981848
1.277364290374196
1.322522256531239
1.368837358581922
1.416343229090885
1.465074589532712
1.515067288074909
1.566358338715959
1.618985961826338
1.672989626141933
1.728410092260860
1.785289457696418
1.843671203540454
1.903600242793287
1.965122970417961
2.028287315178527
2.093142793323786
2.159740564179911
2.228133487717223
2.298376184158395
2.370525095697376
2.444638550400358
2.520776828362219
2.599002230193971
2.679379147918969
2.761974138357767
2.846855999083839
2.934095847034546
3.023767199864166
3.115946060128066
3.210711002389465
3.308143263342708
3.408326835049329
3.511348561385677
3.617298237803331
3.726268714506046
3.838356003149459
3.953659387172332
4.072281535870607
4.194328622328134
4.319910445320410
4.449140555310265
4.582136384656907
4.719019382162262
4.859915152081088
5.004953597723713
5.154269069782789
5.308000519517787
5.466291656933342
5.629291114089835
5.797152613686898
5.970035143062620
6.148103133753404
6.331526646761404
6.520481563678368
6.715149783816542
6.915719427499001
7.122385045663247
7.335347835933442
7.554815865317822
7.781004299688956
8.014135640205456
8.254439966834418
8.502155189134404
8.757527304459050
9.020810663741415
9.292268245018988
9.572171934858718
9.860802817840680
10.158451474257843
10.465418286187994
10.782013752092027
11.108558810090644
11.445385170068949
11.792835654755349
12.151264549917876
12.521037963816916
12.902534196049157
13.296144115912437
13.702271550415897
14.121333682053628
14.553761456453518
15.000000000005677
