2.000000000000001
1.962580079630593
1.925861726231121
1.889833174286255
1.854482800430530
1.819799123700509
1.785770805702815
1.752386650700926
1.719635605623568
1.687506759997514
1.655989345807556
1.625072737286341
1.594746450636757
1.565000143689476
1.535823615498229
1.507206805875332
1.479139794869941
1.451612802191454
1.424616186580446
1.398140445129441
1.372176212555822
1.346714260429090
1.321745496354638
1.297260963116189
1.273251837778949
1.249709430755517
1.226625184836511
1.203990674187855
1.181797603316583
1.160037806007001
1.138703244228982
1.117786007020118
1.097278309343418
1.077172490922187
1.057461015053667
1.038136467402985
1.019191554778904
1.000619103892827
0.982412060102453
0.964563486141454
0.947066560836483
0.929914577812789
0.913100944189671
0.896619179266964
0.880462913203702
0.864625885690058
0.849101944613660
0.833885044721269
0.818969246276856
0.804348713716998
0.790017714304534
0.775970616781352
0.762201890021155
0.748706101683027
0.735477916866566
0.722512096769343
0.709803497347394
0.697347067979428
0.685137850135405
0.673170976050114
0.661441667402328
0.649945234000120
0.638677072472862
0.627632664970433
0.616807577870100
0.606197460491559
0.595798043820546
0.585605139241439
0.575614637279240
0.565822506351299
0.556224791529122
0.546817613310583
0.537597166402852
0.528559718516298
0.519701609169654
0.511019248506668
0.502509116124471
0.494167759913875
0.485991794911783
0.477977902165884
0.470122827611807
0.462423380962852
0.454876434612456
0.447478922549481
0.440227839286441
0.433120238800761
0.426153233489123
0.419323993134979
0.412629743889288
0.406067767264493
0.399635399141797
0.393330028791740
0.387149097908092
0.381090099655071
0.375150577727862
0.369328125426435
0.363620384742637
0.358025045460515
0.352539844269841
0.347162563892792
0.341891032223724
0.336723121481995
0.331656747377753
0.326689868290639
0.321820484461312
0.317046637195722
0.312366408082049
0.307777918220211
0.303279327463845
0.298868833674674
0.294544671989145
0.290305114097239
0.286148467533348
0.282073074979092
0.278077313577986
0.274159594261815
0.270318361088614
0.266552090592127
0.262859291142623
0.259238502318935
0.255688294291614
0.252207267217050
0.248794050642440
0.245447302921480
0.242165710640633
0.238947988055854
0.235792876539632
0.232699144038224
0.229665584538934
0.226691017547319
0.223774287574172
0.220914263632158
0.218109838741972
0.215359929447865
0.212663475342433
0.210019438600508
0.207426803522039
0.204884576083813
0.202391783499902
0.199947473790684
0.197550715360327
0.195200596582586
0.192896225394810
0.190636728899994
0.188421252976792
0.186248961897322
0.184119037952671
0.182030681085956
0.179983108532824
0.177975554469271
0.176007269666655
0.174077521153785
0.172185591885969
0.170330780420900
0.168512400601269
0.166729781243985
0.164982265835896
0.163269212235893
0.161589992383283
0.159943992012341
0.158330610372906
0.156749259956934
0.155199366230905
0.153680367373961
0.152191714021697
0.150732869015490
0.149303307157269
0.147902514969631
0.146529990461212
0.145185242897210
0.143867792574966
0.142577170604522
0.141312918694061
0.140074588940135
0.138861743622599
0.137673955004173
0.136510805134526
0.135371885658831
0.134256797630677
0.133165151329281
0.132096566080918
0.131050670084482
0.130027100241112
0.129025501987806
0.128045529134958
0.127086843707724
0.126149115791185
0.125232023379192
0.124335252226875
0.123458495706709
0.122601454668095
0.121763837300394
0.120945358999334
0.120145742236758
0.119364716433618
0.118602017836198
0.117857389395474
0.117130580649578
0.116421347609299
0.115729452646582
0.115054664385955
0.114396757598857
0.113755513100791
0.113130717651281
0.112522163856564
0.111929650074988
0.111352980325061
0.110791964196110
0.110246416761515
0.109716158494467
0.109201015186216
0.108700817866768
0.108215402727993
0.107744611049114
0.107288289124530
0.106846288193944
0.106418464374770
0.106004678596772
0.105604796538918
0.105218688568402
0.104846229681826
0.104487299448494
0.104141781955803
0.103809565756694
0.103490543819154
0.103184613477725
0.102891676387009
0.102611638477143
0.102344409911224
0.102089905044658
0.101848042386420
0.101618744562200
0.101401938279423
0.101197554294122
0.101005527379645
0.100825796297187
0.100658303768131
0.100502996448181
0.100359824903278
0.100228743587280
0.100109710821412
0.100002688775451
0.099907643450662
0.099824544664454
0.099753366036772
0.099694084978192
0.099646682679736
0.099611144104388
0.099587457980319
0.099575616795793
0.099575616795794
0.099587457980319
0.099611144104389
0.099646682679736
0.099694084978193
0.099753366036773
0.099824544664455
0.099907643450663
0.100002688775453
0.100109710821414
0.100228743587282
0.100359824903279
0.100502996448183
0.100658303768133
0.100825796297189
0.101005527379647
0.101197554294125
0.101401938279426
0.101618744562203
0.101848042386423
0.102089905044661
0.102344409911227
0.102611638477146
0.102891676387012
0.103184613477729
0.103490543819158
0.103809565756698
0.104141781955807
0.104487299448499
0.104846229681831
0.105218688568407
0.105604796538923
0.106004678596777
0.106418464374775
0.106846288193949
0.107288289124535
0.107744611049120
0.108215402727999
0.108700817866774
0.109201015186223
0.109716158494474
0.110246416761521
0.110791964196116
0.111352980325068
0.111929650074996
0.112522163856572
0.113130717651289
0.113755513100799
0.114396757598865
0.115054664385963
0.115729452646590
0.116421347609308
0.117130580649587
0.117857389395483
0.118602017836207
0.119364716433627
0.120145742236767
0.120945358999345
0.121763837300404
0.122601454668106
0.123458495706719
0.124335252226886
0.125232023379203
0.126149115791196
0.127086843707736
0.128045529134970
0.129025501987819
0.130027100241124
0.131050670084495
0.132096566080932
0.133165151329294
0.134256797630690
0.135371885658845
0.136510805134541
0.137673955004187
0.138861743622614
0.140074588940150
0.141312918694077
0.142577170604538
0.143867792574982
0.145185242897227
0.146529990461229
0.147902514969648
0.149303307157286
0.150732869015508
0.152191714021716
0.153680367373980
0.155199366230924
0.156749259956954
0.158330610372926
0.159943992012362
0.161589992383304
0.163269212235914
0.164982265835918
0.166729781244007
0.168512400601291
0.170330780420923
0.172185591885992
0.174077521153809
0.176007269666679
0.177975554469295
0.179983108532849
0.182030681085982
0.184119037952698
0.186248961897349
0.188421252976820
0.190636728900022
0.192896225394838
0.195200596582616
0.197550715360356
0.199947473790715
0.202391783499933
0.204884576083845
0.207426803522071
0.210019438600541
0.212663475342467
0.215359929447900
0.218109838742007
0.220914263632194
0.223774287574208
0.226691017547356
0.229665584538972
0.232699144038262
0.235792876539671
0.238947988055893
0.242165710640674
0.245447302921521
0.248794050642482
0.252207267217093
0.255688294291658
0.259238502318980
0.262859291142669
0.266552090592174
0.270318361088662
0.274159594261864
0.278077313578036
0.282073074979143
0.286148467533399
0.290305114097292
0.294544671989198
0.298868833674729
0.303279327463901
0.307777918220268
0.312366408082107
0.317046637195781
0.321820484461372
0.326689868290701
0.331656747377816
0.336723121482059
0.341891032223789
0.347162563892858
0.352539844269909
0.358025045460584
0.363620384742708
0.369328125426507
0.375150577727935
0.381090099655146
0.387149097908169
0.393330028791818
0.399635399141877
0.406067767264575
0.412629743889371
0.419323993135064
0.426153233489209
0.433120238800849
0.440227839286531
0.447478922549572
0.454876434612550
0.462423380962947
0.470122827611904
0.477977902165983
0.485991794911884
0.494167759913978
0.502509116124576
0.511019248506775
0.519701609169764
0.528559718516410
0.537597166402966
0.546817613310700
0.556224791529240
0.565822506351420
0.575614637279364
0.585605139241565
0.595798043820675
0.606197460491691
0.616807577870234
0.627632664970569
0.638677072473002
0.649945234000262
0.661441667402473
0.673170976050262
0.685137850135556
0.697347067979582
0.709803497347552
0.722512096769504
0.735477916866730
0.748706101683194
0.762201890021326
0.775970616781526
0.790017714304712
0.804348713717179
0.818969246277041
0.833885044721458
0.849101944613852
0.864625885690254
0.880462913203901
0.896619179267168
0.913100944189879
0.929914577813001
0.947066560836700
0.964563486141675
0.982412060102678
1.000619103893057
1.019191554779138
1.038136467403224
1.057461015053911
1.077172490922436
1.097278309343672
1.117786007020376
1.138703244229246
1.160037806007270
1.181797603316858
1.203990674188135
1.226625184836797
1.249709430755808
1.273251837779246
1.297260963116492
1.321745496354947
1.346714260429405
1.372176212556143
1.398140445129768
1.424616186580780
1.451612802191795
1.479139794870288
1.507206805875686
1.535823615498590
1.565000143689844
1.594746450637132
1.625072737286724
1.655989345807946
1.687506759997912
1.719635605623973
1.752386650701339
1.785770805703236
1.819799123700938
1.854482800430967
1.889833174286701
1.925861726231575
1.962580079631057
2.000000000000473
