-10.0000000000
-9.7979797980
-9.5959595960
-9.3939393939
-9.1919191919
-8.9898989899
-8.7878787879
-8.5858585859
-8.3838383838
-8.1818181818
-7.9797979798
-7.7777777778
-7.5757575758
-7.3737373737
-7.1717171717
-6.9696969697
-6.7676767677
-6.5656565657
-6.3636363636
-6.1616161616
-5.9595959596
-5.7575757576
-5.5555555556
-5.3535353535
-5.1515151515
-4.9494949495
-4.7474747475
-4.5454545455
-4.3434343434
-4.1414141414
-3.9393939394
-3.7373737374
-3.5353535354
-3.3333333333
-3.1313131313
-2.9292929293
-2.7272727273
-2.5252525253
-2.3232323232
-2.1212121212
-1.9191919192
-1.7171717172
-1.5151515152
-1.3131313131
-1.1111111111
-0.9090909091
-0.7070707071
-0.5050505051
-0.3030303030
-0.1010101010
0.1010101010
0.3030303030
0.5050505051
0.7070707071
0.9090909091
1.1111111111
1.3131313131
1.5151515152
1.7171717172
1.9191919192
2.1212121212
2.3232323232
2.5252525253
2.7272727273
2.9292929293
3.1313131313
3.3333333333
3.5353535354
3.7373737374
3.9393939394
4.1414141414
4.3434343434
4.5454545455
4.7474747475
4.9494949495
5.1515151515
5.3535353535
5.5555555556
5.7575757576
5.9595959596
6.1616161616
6.3636363636
6.5656565657
6.7676767677
6.9696969697
7.1717171717
7.3737373737
7.5757575758
7.7777777778
7.9797979798
8.1818181818
8.3838383838
8.5858585859
8.7878787879
8.9898989899
9.1919191919
9.3939393939
9.5959595960
9.7979797980
10.0000000000
