0.0000000000
21.6891835254
34.4294327446
45.1153197865
54.6533177575
63.4195573558
71.6161060889
79.3673531204
86.7567341018
93.8436468597
100.0000000000
100.0000000000
100.0000000000
100.0000000000
100.0000000000
100.0000000000
100.0000000000
100.0000000000
100.0000000000
100.0000000000
100.0000000000
100.0000000000
100.0000000000
100.0000000000
100.0000000000
100.0000000000
100.0000000000
100.0000000000
100.0000000000
100.0000000000
100.0000000000
100.0000000000
100.0000000000
100.0000000000
100.0000000000
100.0000000000
100.0000000000
100.0000000000
100.0000000000
100.0000000000
100.0000000000
100.0000000000
100.0000000000
100.0000000000
100.0000000000
100.0000000000
100.0000000000
100.0000000000
100.0000000000
100.0000000000
100.0000000000
100.0000000000
100.0000000000
100.0000000000
100.0000000000
100.0000000000
100.0000000000
100.0000000000
100.0000000000
100.0000000000
100.0000000000
100.0000000000
100.0000000000
100.0000000000
100.0000000000
100.0000000000
100.0000000000
100.0000000000
100.0000000000
100.0000000000
100.0000000000
100.0000000000
100.0000000000
100.0000000000
100.0000000000
100.0000000000
100.0000000000
100.0000000000
100.0000000000
100.0000000000
100.0000000000
100.0000000000
100.0000000000
100.0000000000
100.0000000000
100.0000000000
100.0000000000
100.0000000000
100.0000000000
100.0000000000
93.8436468597
86.7567341018
79.3673531204
71.6161060889
63.4195573558
54.6533177575
45.1153197865
34.4294327446
21.6891835254
0.0000000522
