0.0000000000
5.0505050505
10.1010101010
15.1515151515
20.2020202020
25.2525252525
30.3030303030
35.3535353535
40.4040404040
45.4545454545
50.5050505051
55.5555555556
60.6060606061
65.6565656566
70.7070707071
75.7575757576
80.8080808081
85.8585858586
90.9090909091
95.9595959596
101.0101010101
106.0606060606
111.1111111111
116.1616161616
121.2121212121
126.2626262626
131.3131313131
136.3636363636
141.4141414141
146.4646464646
151.5151515152
156.5656565657
161.6161616162
166.6666666667
171.7171717172
176.7676767677
181.8181818182
186.8686868687
191.9191919192
196.9696969697
202.0202020202
207.0707070707
212.1212121212
217.1717171717
222.2222222222
227.2727272727
232.3232323232
237.3737373737
242.4242424242
247.4747474747
247.4747474747
242.4242424242
237.3737373737
232.3232323232
227.2727272727
222.2222222222
217.1717171717
212.1212121212
207.0707070707
202.0202020202
196.9696969697
191.9191919192
186.8686868687
181.8181818182
176.7676767677
171.7171717172
166.6666666667
161.6161616162
156.5656565657
151.5151515152
146.4646464646
141.4141414141
136.3636363636
131.3131313131
126.2626262626
121.2121212121
116.1616161616
111.1111111111
106.0606060606
101.0101010101
95.9595959596
90.9090909091
85.8585858586
80.8080808081
75.7575757576
70.7070707071
65.6565656566
60.6060606061
55.5555555556
50.5050505051
45.4545454545
40.4040404040
35.3535353535
30.3030303030
25.2525252525
20.2020202020
15.1515151515
10.1010101010
5.0505050505
-0.0000000000
