0.00000
0.04040
0.08081
0.12121
0.16162
0.20202
0.24242
0.28283
0.32323
0.36364
0.40404
0.44444
0.48485
0.52525
0.56566
0.60606
0.64646
0.68687
0.72727
0.76768
0.80808
0.84848
0.88889
0.92929
0.96970
1.01010
1.05051
1.09091
1.13131
1.17172
1.21212
1.25253
1.29293
1.33333
1.37374
1.41414
1.45455
1.49495
1.53535
1.57576
1.61616
1.65657
1.69697
1.73737
1.77778
1.81818
1.85859
1.89899
1.93939
1.97980
2.02020
2.06061
2.10101
2.14141
2.18182
2.22222
2.26263
2.30303
2.34343
2.38384
2.42424
2.46465
2.50505
2.54545
2.58586
2.62626
2.66667
2.70707
2.74747
2.78788
2.82828
2.86869
2.90909
2.94949
2.98990
3.03030
3.07071
3.11111
3.15152
3.19192
3.23232
3.27273
3.31313
3.35354
3.39394
3.43434
3.47475
3.51515
3.55556
3.59596
3.63636
3.67677
3.71717
3.75758
3.79798
3.83838
3.87879
3.91919
3.95960
4.00000
