60.00000
60.00000
60.00000
60.00000
56.14165
48.51828
39.62766
32.00000
32.00000
32.00000
32.00000
32.00000
32.00000
32.00000
32.00000
32.00000
32.00000
32.00000
32.00000
32.00000
32.00000
32.00000
32.00000
32.00000
32.00000
32.00000
32.00000
32.00000
32.00000
32.00000
32.00000
32.00000
32.00000
32.00000
32.00000
32.00000
32.00000
32.00000
32.00000
32.00000
32.00000
32.00000
32.00000
32.00000
32.00000
32.00000
32.00000
32.00000
32.00000
32.00000
32.00000
32.00000
32.00000
32.00000
32.00000
32.00000
32.00000
32.00000
32.00000
32.00000
32.00000
32.00000
32.00000
32.00000
32.00000
32.00000
32.00000
32.00000
32.00000
32.00000
32.00000
32.00000
32.00000
32.00000
32.00000
32.00000
32.00000
32.00000
32.00000
32.00000
32.00000
32.00000
32.00000
32.00000
32.00000
32.00000
32.00000
32.00000
32.00000
32.00000
32.00000
32.00000
32.00000
39.62766
48.51828
56.14165
60.00000
60.00000
60.00000
60.00000
