23.00000
22.73475
21.94617
20.65555
18.89761
16.71951
14.17933
11.34436
8.28904
5.09271
1.83726
-1.39528
-4.52516
-7.47717
-10.18278
-12.58196
-14.62477
-16.27258
-17.49885
-18.28965
-18.64357
-18.57142
-18.09539
-17.24799
-16.07060
-14.61179
-12.92551
-11.06907
-9.10117
-7.07988
-5.06077
-3.09518
-1.22872
0.50000
2.06025
3.42984
4.59531
5.55188
6.30303
6.85970
7.23936
7.46472
7.56233
7.56110
7.49067
7.37992
7.25547
7.14038
7.05299
7.00602
7.00602
7.05299
7.14038
7.25547
7.37992
7.49067
7.56110
7.56233
7.46472
7.23936
6.85970
6.30303
5.55188
4.59531
3.42984
2.06025
0.50000
-1.22872
-3.09518
-5.06077
-7.07988
-9.10117
-11.06907
-12.92551
-14.61179
-16.07060
-17.24799
-18.09539
-18.57142
-18.64357
-18.28965
-17.49885
-16.27258
-14.62477
-12.58196
-10.18278
-7.47717
-4.52516
-1.39528
1.83726
5.09271
8.28904
11.34436
14.17933
16.71951
18.89761
20.65555
21.94617
22.73475
23.00000
