0.0000000000
0.0125915537
0.0251831074
0.0377746612
0.0503662149
0.0629577686
0.0755493223
0.0881408761
0.1007324298
0.1133239835
0.1259155372
0.1385070909
0.1510986447
0.1636901984
0.1762817521
0.1888733058
0.2014648595
0.2140564133
0.2266479670
0.2392395207
0.2518310744
0.2644226282
0.2770141819
0.2896057356
0.3021972893
0.3147888430
0.3273803968
0.3399719505
0.3525635042
0.3651550579
0.3777466117
0.3903381654
0.4029297191
0.4155212728
0.4281128265
0.4407043803
0.4532959340
0.4658874877
0.4784790414
0.4910705952
0.5036621489
0.5162537026
0.5288452563
0.5414368100
0.5540283638
0.5666199175
0.5792114712
0.5918030249
0.6043945786
0.6169861324
0.6295776861
0.6421692398
0.6547607935
0.6673523473
0.6799439010
0.6925354547
0.7051270084
0.7177185621
0.7303101159
0.7429016696
0.7554932233
0.7680847770
0.7806763308
0.7932678845
0.8058594382
0.8184509919
0.8310425456
0.8436340994
0.8562256531
0.8688172068
0.8814087605
0.8940003142
0.9065918680
0.9191834217
0.9317749754
0.9443665291
0.9569580829
0.9695496366
0.9821411903
0.9947327440
1.0073242977
1.0199158515
1.0325074052
1.0450989589
1.0576905126
1.0702820664
1.0828736201
1.0954651738
1.1080567275
1.1206482812
1.1332398350
1.1458313887
1.1584229424
1.1710144961
1.1836060498
1.1961976036
1.2087891573
1.2213807110
1.2339722647
1.2465638185
1.2591553722
1.2717469259
1.2843384796
1.2969300333
1.3095215871
1.3221131408
1.3347046945
1.3472962482
1.3598878020
1.3724793557
1.3850709094
1.3976624631
1.4102540168
1.4228455706
1.4354371243
1.4480286780
1.4606202317
1.4732117855
1.4858033392
1.4983948929
1.5109864466
1.5235780003
1.5361695541
1.5487611078
1.5613526615
1.5739442152
1.5865357689
1.5991273227
1.6117188764
1.6243104301
1.6369019838
1.6494935376
1.6620850913
1.6746766450
1.6872681987
1.6998597524
1.7124513062
1.7250428599
1.7376344136
1.7502259673
1.7628175211
1.7754090748
1.7880006285
1.8005921822
1.8131837359
1.8257752897
1.8383668434
1.8509583971
1.8635499508
1.8761415045
1.8887330583
1.9013246120
1.9139161657
1.9265077194
1.9390992732
1.9516908269
1.9642823806
1.9768739343
1.9894654880
2.0020570418
2.0146485955
2.0272401492
2.0398317029
2.0524232567
2.0650148104
2.0776063641
2.0901979178
2.1027894715
2.1153810253
2.1279725790
2.1405641327
2.1531556864
2.1657472402
2.1783387939
2.1909303476
2.2035219013
2.2161134550
2.2287050088
2.2412965625
2.2538881162
2.2664796699
2.2790712236
2.2916627774
2.3042543311
2.3168458848
2.3294374385
2.3420289923
2.3546205460
2.3672120997
2.3798036534
2.3923952071
2.4049867609
2.4175783146
2.4301698683
2.4427614220
2.4553529758
2.4679445295
2.4805360832
2.4931276369
2.5057191906
2.5183107444
2.5309022981
2.5434938518
2.5560854055
2.5686769592
2.5812685130
2.5938600667
2.6064516204
2.6190431741
2.6316347279
2.6442262816
2.6568178353
2.6694093890
2.6820009427
2.6945924965
2.7071840502
2.7197756039
2.7323671576
2.7449587114
2.7575502651
2.7701418188
2.7827333725
2.7953249262
2.8079164800
2.8205080337
2.8330995874
2.8456911411
2.8582826948
2.8708742486
2.8834658023
2.8960573560
2.9086489097
2.9212404635
2.9338320172
2.9464235709
2.9590151246
2.9716066783
2.9841982321
2.9967897858
3.0093813395
3.0219728932
3.0345644470
3.0471560007
3.0597475544
3.0723391081
3.0849306618
3.0975222156
3.1101137693
3.1227053230
3.1352968767
3.1478884305
3.1604799842
3.1730715379
3.1856630916
3.1982546453
3.2108461991
3.2234377528
3.2360293065
3.2486208602
3.2612124139
3.2738039677
3.2863955214
3.2989870751
3.3115786288
3.3241701826
3.3367617363
3.3493532900
3.3619448437
3.3745363974
3.3871279512
3.3997195049
3.4123110586
3.4249026123
3.4374941661
3.4500857198
3.4626772735
3.4752688272
3.4878603809
3.5004519347
3.5130434884
3.5256350421
3.5382265958
3.5508181495
3.5634097033
3.5760012570
3.5885928107
3.6011843644
3.6137759182
3.6263674719
3.6389590256
3.6515505793
3.6641421330
3.6767336868
3.6893252405
3.7019167942
3.7145083479
3.7270999017
3.7396914554
3.7522830091
3.7648745628
3.7774661165
3.7900576703
3.8026492240
3.8152407777
3.8278323314
3.8404238851
3.8530154389
3.8656069926
3.8781985463
3.8907901000
3.9033816538
3.9159732075
3.9285647612
3.9411563149
3.9537478686
3.9663394224
3.9789309761
3.9915225298
4.0041140835
4.0167056373
4.0292971910
4.0418887447
4.0544802984
4.0670718521
4.0796634059
4.0922549596
4.1048465133
4.1174380670
4.1300296208
4.1426211745
4.1552127282
4.1678042819
4.1803958356
4.1929873894
4.2055789431
4.2181704968
4.2307620505
4.2433536042
4.2559451580
4.2685367117
4.2811282654
4.2937198191
4.3063113729
4.3189029266
4.3314944803
4.3440860340
4.3566775877
4.3692691415
4.3818606952
4.3944522489
4.4070438026
4.4196353564
4.4322269101
4.4448184638
4.4574100175
4.4700015712
4.4825931250
4.4951846787
4.5077762324
4.5203677861
4.5329593398
4.5455508936
4.5581424473
4.5707340010
4.5833255547
4.5959171085
4.6085086622
4.6211002159
4.6336917696
4.6462833233
4.6588748771
4.6714664308
4.6840579845
4.6966495382
4.7092410920
4.7218326457
4.7344241994
4.7470157531
4.7596073068
4.7721988606
4.7847904143
4.7973819680
4.8099735217
4.8225650755
4.8351566292
4.8477481829
4.8603397366
4.8729312903
4.8855228441
4.8981143978
4.9107059515
4.9232975052
4.9358890589
4.9484806127
4.9610721664
4.9736637201
4.9862552738
4.9988468276
5.0114383813
5.0240299350
5.0366214887
5.0492130424
5.0618045962
5.0743961499
5.0869877036
5.0995792573
5.1121708111
5.1247623648
5.1373539185
5.1499454722
5.1625370259
5.1751285797
5.1877201334
5.2003116871
5.2129032408
5.2254947945
5.2380863483
5.2506779020
5.2632694557
5.2758610094
5.2884525632
5.3010441169
5.3136356706
5.3262272243
5.3388187780
5.3514103318
5.3640018855
5.3765934392
5.3891849929
5.4017765467
5.4143681004
5.4269596541
5.4395512078
5.4521427615
5.4647343153
5.4773258690
5.4899174227
5.5025089764
5.5151005301
5.5276920839
5.5402836376
5.5528751913
5.5654667450
5.5780582988
5.5906498525
5.6032414062
5.6158329599
5.6284245136
5.6410160674
5.6536076211
5.6661991748
5.6787907285
5.6913822823
5.7039738360
5.7165653897
5.7291569434
5.7417484971
5.7543400509
5.7669316046
5.7795231583
5.7921147120
5.8047062658
5.8172978195
5.8298893732
5.8424809269
5.8550724806
5.8676640344
5.8802555881
5.8928471418
5.9054386955
5.9180302492
5.9306218030
5.9432133567
5.9558049104
5.9683964641
5.9809880179
5.9935795716
6.0061711253
6.0187626790
6.0313542327
6.0439457865
6.0565373402
6.0691288939
6.0817204476
6.0943120014
6.1069035551
6.1194951088
6.1320866625
6.1446782162
6.1572697700
6.1698613237
6.1824528774
6.1950444311
6.2076359848
6.2202275386
6.2328190923
6.2454106460
6.2580021997
6.2705937535
6.2831853072
