35.0000000000
35.0000000000
35.0000000000
35.0000000000
35.0000000000
35.0000000000
35.0000000000
35.0000000000
35.0000000000
35.0000000000
35.0000000000
35.0000000000
35.0000000000
35.0000000000
35.0000000000
35.0000000000
35.0000000000
35.0000000000
35.0000000000
35.0000000000
35.0000000000
36.1352007291
37.3484884216
38.5574401445
39.7618642243
40.9615697054
42.1563663804
43.3460648202
44.5304764037
45.7094133484
46.8826887395
48.0501165599
49.2115117196
50.3666900850
51.5154685083
52.6576648563
53.7930980392
54.9215880396
56.0429559411
57.1570239561
58.2636154545
59.3625549918
60.4536683363
61.5367824975
62.6117257527
63.6783276750
64.7364191599
65.7858324520
66.8264011721
67.8579603429
68.8803464159
69.8933972968
70.8969523711
71.8908525302
72.8749401959
73.8490593462
74.8130555389
75.7667759373
76.7100693337
77.6427861734
78.5647785788
79.4759003724
80.3760071003
81.2649560550
82.1426062980
83.0088186820
83.8634558734
84.7063823735
85.0000000000
85.0000000000
85.0000000000
85.0000000000
85.0000000000
85.0000000000
85.0000000000
85.0000000000
85.0000000000
85.0000000000
85.0000000000
85.0000000000
85.0000000000
85.0000000000
85.0000000000
85.0000000000
85.0000000000
85.0000000000
85.0000000000
85.0000000000
85.0000000000
85.0000000000
85.0000000000
85.0000000000
85.0000000000
85.0000000000
85.0000000000
85.0000000000
85.0000000000
85.0000000000
85.0000000000
85.0000000000
85.0000000000
85.0000000000
85.0000000000
85.0000000000
85.0000000000
85.0000000000
85.0000000000
85.0000000000
85.0000000000
85.0000000000
85.0000000000
85.0000000000
85.0000000000
85.0000000000
85.0000000000
85.0000000000
85.0000000000
85.0000000000
85.0000000000
85.0000000000
85.0000000000
85.0000000000
85.0000000000
85.0000000000
85.0000000000
85.0000000000
85.0000000000
85.0000000000
85.0000000000
85.0000000000
85.0000000000
85.0000000000
85.0000000000
85.0000000000
85.0000000000
85.0000000000
85.0000000000
85.0000000000
85.0000000000
85.0000000000
85.0000000000
85.0000000000
85.0000000000
85.0000000000
85.0000000000
85.0000000000
85.0000000000
85.0000000000
85.0000000000
85.0000000000
85.0000000000
85.0000000000
85.0000000000
85.0000000000
85.0000000000
85.0000000000
85.0000000000
85.0000000000
85.0000000000
85.0000000000
85.0000000000
85.0000000000
85.0000000000
85.0000000000
85.0000000000
85.0000000000
85.0000000000
85.0000000000
85.0000000000
85.0000000000
85.0000000000
85.0000000000
85.0000000000
85.0000000000
85.0000000000
85.0000000000
85.0000000000
85.0000000000
85.0000000000
85.0000000000
85.0000000000
85.0000000000
85.0000000000
84.2863913562
83.4375926887
82.5771508485
81.7052022544
80.8218851497
79.9273395800
79.0217073711
78.1051321066
77.1777591051
76.2397353970
75.2912097014
74.3323324024
73.3632555254
72.3841327129
71.3951191998
70.3963717896
69.3880488288
68.3703101820
67.3433172067
66.3072327278
65.2622210113
64.2084477388
63.1460799808
62.0752861707
60.9962360775
59.9091007795
58.8140526365
57.7112652633
56.6009135012
55.4831733912
54.3582221456
53.2262381199
52.0874007846
50.9418906969
49.7898894718
48.6315797534
47.4671451862
46.2967703856
45.1206409088
43.9389432254
42.7518646878
41.5595935016
40.3623186955
39.1602300916
37.9535182753
36.7423745647
35.5269909809
35.0000000000
35.0000000000
35.0000000000
35.0000000000
35.0000000000
35.0000000000
35.0000000000
35.0000000000
35.0000000000
35.0000000000
35.0000000000
35.0000000000
35.0000000000
35.0000000000
35.0000000000
35.0000000000
35.0000000000
35.0000000000
35.0000000000
35.0000000000
35.0000000000
35.0000000000
35.0000000000
35.0000000000
35.0000000000
35.0000000000
35.0000000000
35.0000000000
35.0000000000
35.0000000000
35.0000000000
35.0000000000
35.0000000000
35.0000000000
35.0000000000
35.0000000000
35.0000000000
35.0000000000
35.0000000000
35.0000000000
35.5269909809
36.7423745647
37.9535182753
39.1602300916
40.3623186955
41.5595935016
42.7518646878
43.9389432254
45.1206409088
46.2967703856
47.4671451862
48.6315797534
49.7898894718
50.9418906969
52.0874007846
53.2262381199
54.3582221456
55.4831733912
56.6009135012
57.7112652633
58.8140526365
59.9091007795
60.9962360775
62.0752861707
63.1460799808
64.2084477388
65.2622210113
66.3072327278
67.3433172067
68.3703101820
69.3880488288
70.3963717896
71.3951191998
72.3841327129
73.3632555254
74.3323324024
75.2912097014
76.2397353970
77.1777591051
78.1051321066
79.0217073711
79.9273395800
80.8218851497
81.7052022544
82.5771508485
83.4375926887
84.2863913562
85.0000000000
85.0000000000
85.0000000000
85.0000000000
85.0000000000
85.0000000000
85.0000000000
85.0000000000
85.0000000000
85.0000000000
85.0000000000
85.0000000000
85.0000000000
85.0000000000
85.0000000000
85.0000000000
85.0000000000
85.0000000000
85.0000000000
85.0000000000
85.0000000000
85.0000000000
85.0000000000
85.0000000000
85.0000000000
85.0000000000
85.0000000000
85.0000000000
85.0000000000
85.0000000000
85.0000000000
85.0000000000
85.0000000000
85.0000000000
85.0000000000
85.0000000000
85.0000000000
85.0000000000
85.0000000000
85.0000000000
85.0000000000
85.0000000000
85.0000000000
85.0000000000
85.0000000000
85.0000000000
85.0000000000
85.0000000000
85.0000000000
85.0000000000
85.0000000000
85.0000000000
85.0000000000
85.0000000000
85.0000000000
85.0000000000
85.0000000000
85.0000000000
85.0000000000
85.0000000000
85.0000000000
85.0000000000
85.0000000000
85.0000000000
85.0000000000
85.0000000000
85.0000000000
85.0000000000
85.0000000000
85.0000000000
85.0000000000
85.0000000000
85.0000000000
85.0000000000
85.0000000000
85.0000000000
85.0000000000
85.0000000000
85.0000000000
85.0000000000
85.0000000000
85.0000000000
85.0000000000
85.0000000000
85.0000000000
85.0000000000
85.0000000000
85.0000000000
85.0000000000
85.0000000000
85.0000000000
85.0000000000
85.0000000000
85.0000000000
85.0000000000
85.0000000000
85.0000000000
85.0000000000
85.0000000000
85.0000000000
85.0000000000
85.0000000000
85.0000000000
85.0000000000
85.0000000000
85.0000000000
85.0000000000
85.0000000000
85.0000000000
85.0000000000
85.0000000000
85.0000000000
85.0000000000
85.0000000000
85.0000000000
84.7063823735
83.8634558734
83.0088186820
82.1426062980
81.2649560550
80.3760071003
79.4759003724
78.5647785788
77.6427861734
76.7100693337
75.7667759373
74.8130555389
73.8490593461
72.8749401959
71.8908525302
70.8969523711
69.8933972967
68.8803464159
67.8579603429
66.8264011721
65.7858324520
64.7364191599
63.6783276750
62.6117257527
61.5367824975
60.4536683363
59.3625549918
58.2636154545
57.1570239561
56.0429559411
54.9215880396
53.7930980392
52.6576648563
51.5154685083
50.3666900850
49.2115117196
48.0501165599
46.8826887395
45.7094133484
44.5304764037
43.3460648202
42.1563663804
40.9615697054
39.7618642242
38.5574401445
37.3484884216
36.1352007291
35.0000000000
35.0000000000
35.0000000000
35.0000000000
35.0000000000
35.0000000000
35.0000000000
35.0000000000
35.0000000000
35.0000000000
35.0000000000
35.0000000000
35.0000000000
35.0000000000
35.0000000000
35.0000000000
35.0000000000
35.0000000000
35.0000000000
35.0000000000
35.0000000000
