0.0000000000
0.5036488399
1.0072178288
1.5106271282
2.0137969250
2.5166474441
3.0190989610
3.5210718145
4.0224864192
4.5232632783
5.0233229959
5.5225862902
6.0209740054
6.5184071244
7.0148067817
7.5100942755
8.0041910805
8.4970188600
8.9884994785
9.4785550142
9.9671077711
10.4540802916
10.9393953686
11.4229760578
11.9047456897
12.3846278822
12.8625465522
13.3384259281
13.8121905615
14.2837653394
14.7530754958
15.2200466239
15.6846046878
16.1466760340
16.6061874033
17.0630659425
17.5172392157
17.9686352159
18.4171823764
18.8628095824
19.3054461818
19.7450219967
20.1814673345
20.6147129990
21.0446903011
21.4713310700
21.8945676639
22.3143329808
22.7305604688
23.1431841372
23.5521385664
23.9573589187
24.3587809484
24.7563410121
25.1499760784
25.5396237385
25.9252222156
26.3067103749
26.6840277335
27.0571144694
27.4259114315
27.7903601490
28.1504028401
28.5059824220
28.8570425192
29.2035274728
29.5453823493
29.8825529494
30.2149858162
30.5426282441
30.8654282871
31.1833347667
31.4962972804
31.8042662096
32.1071927272
32.4050288058
32.6977272248
32.9852415785
33.2675262827
33.5445365826
33.8162285596
34.0825591382
34.3434860930
34.5989680554
34.8489645199
35.0934358507
35.3323432882
35.5656489547
35.7933158607
36.0153079109
36.2315899093
36.4421275656
36.6468875000
36.8458372489
37.0389452697
37.2261809461
37.4075145927
37.5829174601
37.7523617390
37.9158205647
38.0732680218
38.2246791475
38.3700299366
38.5092973442
38.6424592903
38.7694946626
38.8903833204
39.0051060972
39.1136448044
39.2159822338
39.3121021600
39.4019893440
39.4856295344
39.5630094705
39.6341168841
39.6989405015
39.7574700451
39.8096962356
39.8556107925
39.8952064364
39.9284768896
39.9554168773
39.9760221282
39.9902893754
39.9982163570
39.9998018161
39.9950455015
39.9839481672
39.9665115725
39.9427384821
39.9126326651
39.8761988944
39.8334429467
39.7843716005
39.7289926359
39.6673148330
39.5993479705
39.5251028242
39.4445911654
39.3578257587
39.2648203604
39.1655897160
39.0601495581
38.9485166037
38.8307085516
38.7067440798
38.5766428422
38.4404254657
38.2981135470
38.1497296489
37.9952972969
37.8348409755
37.6683861244
37.4959591340
37.3175873419
37.1332990281
36.9431234106
36.7470906407
36.5452317985
36.3375788878
36.1241648310
35.9050234637
35.6801895298
35.4496986755
35.2135874442
34.9718932701
34.7246544726
34.4719102502
34.2137006743
33.9500666828
33.6810500735
33.4066934978
33.1270404534
32.8421352782
32.5520231423
32.2567500416
31.9563627904
31.6509090134
31.3404371389
31.0249963907
30.7046367805
30.3794090995
30.0493649113
29.7145565425
29.3750370755
29.0308603394
28.6820809018
28.3287540599
27.9709358320
27.6086829484
27.2420528426
26.8711036420
26.4958941588
26.1164838805
25.7329329610
25.3453022102
24.9536530851
24.5580476799
24.1585487158
23.7552195315
23.3481240728
22.9373268827
22.5228930911
22.1048884045
21.6833790955
21.2584319923
20.8301144683
20.3984944310
19.9636403118
19.5256210546
19.0845061053
18.6403654005
18.1932693565
17.7432888583
17.2904952480
16.8349603138
16.3767562788
15.9159557887
15.4526319014
14.9868580745
14.5187081542
14.0482563635
13.5755772902
13.1007458751
12.6238374006
12.1449274782
11.6640920367
11.1814073101
10.6969498259
10.2107963924
9.7230240868
9.2337102431
8.7429324396
8.2507684868
7.7572964148
7.2625944612
6.7667410586
6.2698148222
5.7718945372
5.2730591464
4.7733877377
4.2729595317
3.7718538687
3.2701501967
2.7679280583
2.2652670784
1.7622469514
1.2589474287
0.7554483061
0.2518294108
0.2518294108
0.7554483061
1.2589474287
1.7622469514
2.2652670784
2.7679280583
3.2701501967
3.7718538687
4.2729595317
4.7733877377
5.2730591464
5.7718945372
6.2698148222
6.7667410586
7.2625944612
7.7572964148
8.2507684868
8.7429324396
9.2337102431
9.7230240868
10.2107963924
10.6969498259
11.1814073101
11.6640920367
12.1449274782
12.6238374006
13.1007458751
13.5755772902
14.0482563635
14.5187081542
14.9868580745
15.4526319014
15.9159557887
16.3767562788
16.8349603138
17.2904952480
17.7432888583
18.1932693565
18.6403654005
19.0845061053
19.5256210546
19.9636403118
20.3984944310
20.8301144683
21.2584319923
21.6833790955
22.1048884045
22.5228930911
22.9373268827
23.3481240728
23.7552195315
24.1585487158
24.5580476799
24.9536530851
25.3453022102
25.7329329610
26.1164838805
26.4958941588
26.8711036420
27.2420528426
27.6086829484
27.9709358320
28.3287540599
28.6820809018
29.0308603394
29.3750370755
29.7145565425
30.0493649113
30.3794090995
30.7046367805
31.0249963907
31.3404371389
31.6509090134
31.9563627904
32.2567500416
32.5520231423
32.8421352782
33.1270404534
33.4066934978
33.6810500735
33.9500666828
34.2137006743
34.4719102502
34.7246544726
34.9718932701
35.2135874442
35.4496986755
35.6801895298
35.9050234637
36.1241648310
36.3375788878
36.5452317985
36.7470906407
36.9431234106
37.1332990281
37.3175873419
37.4959591340
37.6683861244
37.8348409755
37.9952972969
38.1497296489
38.2981135470
38.4404254657
38.5766428422
38.7067440798
38.8307085516
38.9485166037
39.0601495581
39.1655897160
39.2648203604
39.3578257587
39.4445911654
39.5251028242
39.5993479705
39.6673148330
39.7289926359
39.7843716005
39.8334429467
39.8761988944
39.9126326651
39.9427384821
39.9665115725
39.9839481672
39.9950455015
39.9998018161
39.9982163570
39.9902893754
39.9760221282
39.9554168773
39.9284768896
39.8952064364
39.8556107925
39.8096962356
39.7574700451
39.6989405015
39.6341168841
39.5630094705
39.4856295344
39.4019893440
39.3121021600
39.2159822338
39.1136448044
39.0051060972
38.8903833204
38.7694946626
38.6424592903
38.5092973442
38.3700299366
38.2246791475
38.0732680218
37.9158205647
37.7523617390
37.5829174601
37.4075145927
37.2261809461
37.0389452697
36.8458372489
36.6468875000
36.4421275656
36.2315899093
36.0153079109
35.7933158607
35.5656489547
35.3323432882
35.0934358507
34.8489645199
34.5989680554
34.3434860930
34.0825591382
33.8162285596
33.5445365826
33.2675262827
32.9852415785
32.6977272248
32.4050288058
32.1071927272
31.8042662096
31.4962972804
31.1833347667
30.8654282871
30.5426282441
30.2149858162
29.8825529494
29.5453823493
29.2035274728
28.8570425192
28.5059824220
28.1504028401
27.7903601490
27.4259114315
27.0571144694
26.6840277335
26.3067103749
25.9252222156
25.5396237385
25.1499760784
24.7563410121
24.3587809484
23.9573589187
23.5521385664
23.1431841372
22.7305604688
22.3143329808
21.8945676639
21.4713310700
21.0446903011
20.6147129990
20.1814673345
19.7450219967
19.3054461818
18.8628095824
18.4171823764
17.9686352159
17.5172392157
17.0630659425
16.6061874033
16.1466760340
15.6846046878
15.2200466239
14.7530754958
14.2837653394
13.8121905615
13.3384259281
12.8625465522
12.3846278822
11.9047456897
11.4229760578
10.9393953686
10.4540802916
9.9671077711
9.4785550142
8.9884994785
8.4970188600
8.0041910805
7.5100942755
7.0148067817
6.5184071244
6.0209740054
5.5225862902
5.0233229959
4.5232632783
4.0224864192
3.5210718145
3.0190989610
2.5166474441
2.0137969250
1.5106271282
1.0072178288
0.5036488399
0.0000000000
