0.000000000000000
0.063466518254339
0.126933036508679
0.190399554763018
0.253866073017357
0.317332591271696
0.380799109526036
0.444265627780375
0.507732146034714
0.571198664289053
0.634665182543393
0.698131700797732
0.761598219052071
0.825064737306410
0.888531255560750
0.951997773815089
1.015464292069428
1.078930810323767
1.142397328578107
1.205863846832446
1.269330365086785
1.332796883341124
1.396263401595464
1.459729919849803
1.523196438104142
1.586662956358481
1.650129474612821
1.713595992867160
1.777062511121499
1.840529029375838
1.903995547630178
1.967462065884517
2.030928584138856
2.094395102393196
2.157861620647535
2.221328138901875
2.284794657156214
2.348261175410554
2.411727693664893
2.475194211919233
2.538660730173572
2.602127248427911
2.665593766682251
2.729060284936590
2.792526803190930
2.855993321445269
2.919459839699609
2.982926357953948
3.046392876208288
3.109859394462627
3.173325912716967
3.236792430971306
3.300258949225646
3.363725467479985
3.427191985734324
3.490658503988664
3.554125022243003
3.617591540497343
3.681058058751682
3.744524577006022
3.807991095260361
3.871457613514701
3.934924131769040
3.998390650023380
4.061857168277719
4.125323686532058
4.188790204786397
4.252256723040736
4.315723241295075
4.379189759549414
4.442656277803753
4.506122796058092
4.569589314312431
4.633055832566770
4.696522350821109
4.759988869075448
4.823455387329787
4.886921905584126
4.950388423838465
5.013854942092804
5.077321460347143
5.140787978601482
5.204254496855821
5.267721015110160
5.331187533364499
5.394654051618838
5.458120569873177
5.521587088127516
5.585053606381855
5.648520124636194
5.711986642890533
5.775453161144872
5.838919679399211
5.902386197653550
5.965852715907889
6.029319234162228
6.092785752416567
6.156252270670906
6.219718788925245
6.283185307179584
