5.000000000000000
6.352442650915931
7.881214376758033
9.600964405658994
11.525110414113826
13.665034941369491
16.029159123851436
18.621915810934155
21.442658681255239
24.484559746616860
27.733563266528158
31.167477823741997
34.755298028641832
35.000000000000000
35.000000000000000
35.000000000000000
35.000000000000000
35.000000000000000
35.000000000000000
35.000000000000000
35.000000000000000
35.000000000000000
35.000000000000000
35.000000000000000
35.000000000000000
35.000000000000000
35.000000000000000
35.000000000000000
35.000000000000000
35.000000000000000
35.000000000000000
35.000000000000000
35.000000000000000
35.000000000000000
35.000000000000000
35.000000000000000
35.000000000000000
35.000000000000000
32.944444154245403
29.429131964702862
26.084360681326096
22.936661992811047
20.004058118847482
17.296866743248074
14.818688965099366
12.567493018548365
10.536718510288363
8.716340851499458
7.093851459397438
5.655124604982460
4.385155378965477
3.268664480932937
2.290574146753334
1.436365564181324
0.692331848056814
0.045742439174370
-0.515064912415077
-1.000649193635452
-1.420474284804254
-1.782948151155841
-2.095482973473743
-2.364568061835465
-2.595849183783137
-2.794209508310667
-2.963848692613015
-3.108357718603602
-3.230787936822368
-3.333713422244172
-3.419286219581221
-3.489284385328389
-3.545152948470752
-3.588038036658941
-3.618814471173052
-3.638107139745595
-3.646306425407500
-3.643577913072457
-3.629866522300963
-3.604895131542138
-3.568157671977251
-3.518906583245136
-3.456134444336497
-3.378549527118291
-3.284544975047031
-3.172161295488269
-3.039041883219875
-2.882381380962966
-2.698866849643835
-2.484611989879819
-2.235085053833766
-1.945031642728140
-1.608394330477521
-1.218232016476909
-0.766643112252912
-0.244698116027896
0.357611186591363
1.051396783079369
1.848862665622422
2.763243206357371
3.808676958340019
4.999999999999961
