5.000000000000000
5.676221325457965
6.440607188379016
7.300482202829497
8.262555207056913
9.332517470684746
10.514579561925718
11.810957905467077
13.221329340627619
14.742279873308430
16.366781633264079
18.083738911870999
19.877649014320916
21.728425403050299
23.611428210211471
25.497739891609520
27.354711264502164
29.146785705658992
30.836587879948013
32.386239732197225
33.758842915899343
34.920046028423933
35.839599682043747
36.492794909273080
36.861682275652093
36.935980888475029
36.713607552549952
36.200784729090913
35.411718798491748
34.367873892614931
33.096897599002112
31.631279880886019
30.006843161000706
28.261168370170459
26.432058794483055
24.556131864367753
22.667610631373421
20.797364151504752
18.972222077122701
17.214565982351431
15.542180340663048
13.968330996405523
12.502029059423741
11.148433371624037
9.909344482549683
8.783746509274183
7.768359255144182
6.858170425749729
6.046925729698719
5.327562302491230
4.692577689482738
4.134332240466469
3.645287073376667
3.218182782090662
2.846165924028407
2.522871219587185
2.242467543792462
1.999675403182274
1.789762857597873
1.608525924422079
1.452258513263128
1.317715969082267
1.202075408108432
1.102895245844666
1.018075653693492
0.945821140698199
0.884606031588816
0.833143288877914
0.790356890209389
0.755357807335806
0.727423525764624
0.705980981670530
0.690592764413474
0.680946430127202
0.676846787296250
0.678211043463771
0.685066738849518
0.697552434228931
0.715921164011374
0.740546708377432
0.771932777831751
0.810725236440855
0.857727512476485
0.913919352255866
0.980479058390063
1.058809309518517
1.150566575178083
1.257694005060090
1.382457473083117
1.527484178635930
1.695802834761240
1.890883991761545
2.116678443873544
2.377650941986052
2.678805593295682
3.025698391539684
3.424431332811211
3.881621603178686
4.404338479170010
4.999999999999980
