0.000000000000000
0.008196721311475
0.016393442622951
0.024590163934426
0.032786885245902
0.040983606557377
0.049180327868852
0.057377049180328
0.065573770491803
0.073770491803279
0.081967213114754
0.090163934426229
0.098360655737705
0.106557377049180
0.114754098360656
0.122950819672131
0.131147540983607
0.139344262295082
0.147540983606557
0.155737704918033
0.163934426229508
0.172131147540984
0.180327868852459
0.188524590163934
0.196721311475410
0.204918032786885
0.213114754098361
0.221311475409836
0.229508196721312
0.237704918032787
0.245901639344262
0.254098360655738
0.262295081967213
0.270491803278689
0.278688524590164
0.286885245901639
0.295081967213115
0.303278688524590
0.311475409836066
0.319672131147541
0.327868852459017
0.336065573770492
0.344262295081967
0.352459016393443
0.360655737704918
0.368852459016394
0.377049180327869
0.385245901639345
0.393442622950820
0.401639344262295
0.409836065573771
0.418032786885246
0.426229508196722
0.434426229508197
0.442622950819672
0.450819672131148
0.459016393442623
0.467213114754099
0.475409836065574
0.483606557377050
0.491803278688525
0.500000000000000
0.508196721311476
0.516393442622951
0.524590163934427
0.532786885245902
0.540983606557377
0.549180327868853
0.557377049180328
0.565573770491804
0.573770491803279
0.581967213114755
0.590163934426230
0.598360655737705
0.606557377049181
0.614754098360656
0.622950819672132
0.631147540983607
0.639344262295082
0.647540983606558
0.655737704918033
0.663934426229509
0.672131147540984
0.680327868852460
0.688524590163935
0.696721311475410
0.704918032786886
0.713114754098361
0.721311475409837
0.729508196721312
0.737704918032787
0.745901639344263
0.754098360655738
0.762295081967214
0.770491803278689
0.778688524590165
0.786885245901640
0.795081967213115
0.803278688524591
0.811475409836066
0.819672131147542
0.827868852459017
0.836065573770493
0.844262295081968
0.852459016393443
0.860655737704919
0.868852459016394
0.877049180327870
0.885245901639345
0.893442622950820
0.901639344262296
0.909836065573771
0.918032786885247
0.926229508196722
0.934426229508198
0.942622950819673
0.950819672131148
0.959016393442624
0.967213114754099
0.975409836065575
0.983606557377050
0.991803278688525
1.000000000000001
