35.000000000000000
35.000000000000000
35.000000000000000
35.873767434590263
40.182050121014193
44.363868707892692
48.389833667396012
52.232006262371854
55.864155622727473
59.261998355434756
60.000000000000000
60.000000000000000
60.000000000000000
60.000000000000000
60.000000000000000
60.000000000000000
60.000000000000000
60.000000000000000
60.000000000000000
60.000000000000000
60.000000000000000
60.000000000000000
60.000000000000000
60.000000000000000
60.000000000000000
60.000000000000000
60.000000000000000
60.000000000000000
60.000000000000000
60.000000000000000
60.000000000000000
58.700598662528037
56.040892824218169
53.322822274073047
50.573621020279447
47.820069189136440
45.088215412894996
42.403109033701682
39.788544940272416
37.266823714602623
35.000000000000000
35.000000000000000
35.000000000000000
35.000000000000000
35.000000000000000
35.000000000000000
35.000000000000000
35.000000000000000
35.000000000000000
35.000000000000000
35.000000000000000
35.000000000000000
35.000000000000000
35.000000000000000
35.000000000000000
35.000000000000000
35.000000000000000
35.000000000000000
35.000000000000000
35.000000000000000
35.000000000000000
35.000000000000000
35.000000000000000
35.000000000000000
35.000000000000000
35.000000000000000
35.000000000000000
35.000000000000000
35.000000000000000
35.000000000000000
35.000000000000000
35.000000000000000
35.000000000000000
35.000000000000000
35.000000000000000
35.000000000000000
35.000000000000000
35.000000000000000
35.000000000000000
35.000000000000000
35.000000000000000
35.000000000000000
35.000000000000000
35.000000000000000
35.000000000000000
35.000000000000000
35.000000000000000
35.000000000000000
35.000000000000000
35.000000000000000
35.000000000000000
35.000000000000000
35.000000000000000
35.000000000000000
35.000000000000000
35.000000000000000
35.000000000000000
35.000000000000000
35.000000000000000
35.000000000000000
35.000000000000000
35.000000000000000
35.000000000000000
35.000000000000000
35.000000000000000
35.000000000000000
35.000000000000000
35.000000000000000
35.000000000000000
35.000000000000000
35.000000000000000
35.000000000000000
35.000000000000000
35.000000000000000
35.000000000000000
35.000000000000000
35.000000000000000
35.000000000000000
35.000000000000000
35.000000000000000
35.000000000000000
35.000000000000000
35.000000000000000
