5.000000000000000
6.800391292928802
8.587835618322416
10.349506973836105
12.072820048405678
13.745547483157075
15.355933466958405
16.892802504948740
18.345662249090989
19.704799342173903
20.961367300071288
22.107465540678717
23.136208760905063
24.041785964415162
24.819508551429486
25.465846996638280
25.978455760968249
26.356186206284164
26.599087407811808
26.708394885804232
26.686507404400459
26.536952110409398
26.264338406573067
25.874301071435859
25.373433250029144
24.769210044990029
24.069903535356872
23.284490139093688
22.422551314453802
21.494168663768509
20.509814560418150
19.480239465011216
18.416357129687267
17.329128909629219
16.229448408111779
15.128027675654575
14.035286165158000
12.961243613480672
11.915417976108968
10.906729485841048
9.943411839356996
9.032931437889486
8.181915520774318
7.396089934379756
6.680227174813819
6.038105231997706
5.472477646352006
4.985055068707448
4.576498490407506
4.246424185231833
3.993420279069285
3.815074738544636
3.708014447379513
3.667954920447006
3.689760091524106
3.767511502867135
3.894586124079793
4.063741935380357
4.267210327285757
4.496794295798409
4.743971350181606
5.000000000000011
5.256028649818417
5.503205704201612
5.732789672714262
5.936258064619661
6.105413875920219
6.232488497132873
6.310239908475897
6.332045079552993
6.291985552620482
6.184925261455350
6.006579720930697
5.753575814768142
5.423501509592462
5.014944931292513
4.527522353647949
3.961894768002248
3.319772825186130
2.603910065620182
1.818084479225625
0.967068562110436
0.056588160642924
-0.906729485841135
-1.915417976109049
-2.961243613480763
-4.035286165158088
-5.128027675654677
-6.229448408111868
-7.329128909629317
-8.416357129687354
-9.480239465011312
-10.509814560418233
-11.494168663768594
-12.422551314453877
-13.284490139093748
-14.069903535356932
-14.769210044990077
-15.373433250029192
-15.874301071435891
-16.264338406573103
-16.536952110409416
-16.686507404400466
-16.708394885804228
-16.599087407811794
-16.356186206284139
-15.978455760968213
-15.465846996638236
-14.819508551429424
-14.041785964415094
-13.136208760904973
-12.107465540678623
-10.961367300071169
-9.704799342173779
-8.345662249090866
-6.892802504948595
-5.355933466958263
-3.745547483156912
-2.072820048405520
-0.349506973835926
1.412164381677756
3.199608707071388
5.000000000000178
