-10.0000000000
-9.9331103679
-9.8662207358
-9.7993311037
-9.7324414716
-9.6655518395
-9.5986622074
-9.5317725753
-9.4648829431
-9.3979933110
-9.3311036789
-9.2642140468
-9.1973244147
-9.1304347826
-9.0635451505
-8.9966555184
-8.9297658863
-8.8628762542
-8.7959866221
-8.7290969900
-8.6622073579
-8.5953177258
-8.5284280936
-8.4615384615
-8.3946488294
-8.3277591973
-8.2608695652
-8.1939799331
-8.1270903010
-8.0602006689
-7.9933110368
-7.9264214047
-7.8595317726
-7.7926421405
-7.7257525084
-7.6588628763
-7.5919732441
-7.5250836120
-7.4581939799
-7.3913043478
-7.3244147157
-7.2575250836
-7.1906354515
-7.1237458194
-7.0568561873
-6.9899665552
-6.9230769231
-6.8561872910
-6.7892976589
-6.7224080268
-6.6555183946
-6.5886287625
-6.5217391304
-6.4548494983
-6.3879598662
-6.3210702341
-6.2541806020
-6.1872909699
-6.1204013378
-6.0535117057
-5.9866220736
-5.9197324415
-5.8528428094
-5.7859531773
-5.7190635452
-5.6521739130
-5.5852842809
-5.5183946488
-5.4515050167
-5.3846153846
-5.3177257525
-5.2508361204
-5.1839464883
-5.1170568562
-5.0501672241
-4.9832775920
-4.9163879599
-4.8494983278
-4.7826086957
-4.7157190635
-4.6488294314
-4.5819397993
-4.5150501672
-4.4481605351
-4.3812709030
-4.3143812709
-4.2474916388
-4.1806020067
-4.1137123746
-4.0468227425
-3.9799331104
-3.9130434783
-3.8461538462
-3.7792642140
-3.7123745819
-3.6454849498
-3.5785953177
-3.5117056856
-3.4448160535
-3.3779264214
-3.3110367893
-3.2441471572
-3.1772575251
-3.1103678930
-3.0434782609
-2.9765886288
-2.9096989967
-2.8428093645
-2.7759197324
-2.7090301003
-2.6421404682
-2.5752508361
-2.5083612040
-2.4414715719
-2.3745819398
-2.3076923077
-2.2408026756
-2.1739130435
-2.1070234114
-2.0401337793
-1.9732441472
-1.9063545151
-1.8394648829
-1.7725752508
-1.7056856187
-1.6387959866
-1.5719063545
-1.5050167224
-1.4381270903
-1.3712374582
-1.3043478261
-1.2374581940
-1.1705685619
-1.1036789298
-1.0367892977
-0.9698996656
-0.9030100334
-0.8361204013
-0.7692307692
-0.7023411371
-0.6354515050
-0.5685618729
-0.5016722408
-0.4347826087
-0.3678929766
-0.3010033445
-0.2341137124
-0.1672240803
-0.1003344482
-0.0334448161
0.0334448161
0.1003344482
0.1672240803
0.2341137124
0.3010033445
0.3678929766
0.4347826087
0.5016722408
0.5685618729
0.6354515050
0.7023411371
0.7692307692
0.8361204013
0.9030100334
0.9698996656
1.0367892977
1.1036789298
1.1705685619
1.2374581940
1.3043478261
1.3712374582
1.4381270903
1.5050167224
1.5719063545
1.6387959866
1.7056856187
1.7725752508
1.8394648829
1.9063545151
1.9732441472
2.0401337793
2.1070234114
2.1739130435
2.2408026756
2.3076923077
2.3745819398
2.4414715719
2.5083612040
2.5752508361
2.6421404682
2.7090301003
2.7759197324
2.8428093645
2.9096989967
2.9765886288
3.0434782609
3.1103678930
3.1772575251
3.2441471572
3.3110367893
3.3779264214
3.4448160535
3.5117056856
3.5785953177
3.6454849498
3.7123745819
3.7792642140
3.8461538462
3.9130434783
3.9799331104
4.0468227425
4.1137123746
4.1806020067
4.2474916388
4.3143812709
4.3812709030
4.4481605351
4.5150501672
4.5819397993
4.6488294314
4.7157190635
4.7826086957
4.8494983278
4.9163879599
4.9832775920
5.0501672241
5.1170568562
5.1839464883
5.2508361204
5.3177257525
5.3846153846
5.4515050167
5.5183946488
5.5852842809
5.6521739130
5.7190635452
5.7859531773
5.8528428094
5.9197324415
5.9866220736
6.0535117057
6.1204013378
6.1872909699
6.2541806020
6.3210702341
6.3879598662
6.4548494983
6.5217391304
6.5886287625
6.6555183946
6.7224080268
6.7892976589
6.8561872910
6.9230769231
6.9899665552
7.0568561873
7.1237458194
7.1906354515
7.2575250836
7.3244147157
7.3913043478
7.4581939799
7.5250836120
7.5919732441
7.6588628763
7.7257525084
7.7926421405
7.8595317726
7.9264214047
7.9933110368
8.0602006689
8.1270903010
8.1939799331
8.2608695652
8.3277591973
8.3946488294
8.4615384615
8.5284280936
8.5953177258
8.6622073579
8.7290969900
8.7959866221
8.8628762542
8.9297658863
8.9966555184
9.0635451505
9.1304347826
9.1973244147
9.2642140468
9.3311036789
9.3979933110
9.4648829431
9.5317725753
9.5986622074
9.6655518395
9.7324414716
9.7993311037
9.8662207358
9.9331103679
10.0000000000
