0.0000000000
10.3805223484
16.4780520959
21.5923566118
26.1572772314
30.3528314787
34.2757296001
37.9855047027
41.5220893937
44.9139116898
48.1821166196
51.3429712420
54.4093292241
57.3915705129
60.2982301245
63.1364337428
65.9122083835
68.6307095125
71.2963906644
73.9131324982
76.4843426080
79.0130338425
81.5018865607
83.9532986970
86.3694264472
88.7522176488
91.1034394062
93.4247011359
95.7174739315
97.9831069465
100.0000000000
100.0000000000
100.0000000000
100.0000000000
100.0000000000
100.0000000000
100.0000000000
100.0000000000
100.0000000000
100.0000000000
100.0000000000
100.0000000000
100.0000000000
100.0000000000
100.0000000000
100.0000000000
100.0000000000
100.0000000000
100.0000000000
100.0000000000
100.0000000000
100.0000000000
100.0000000000
100.0000000000
100.0000000000
100.0000000000
100.0000000000
100.0000000000
100.0000000000
100.0000000000
100.0000000000
100.0000000000
100.0000000000
100.0000000000
100.0000000000
100.0000000000
100.0000000000
100.0000000000
100.0000000000
100.0000000000
100.0000000000
100.0000000000
100.0000000000
100.0000000000
100.0000000000
100.0000000000
100.0000000000
100.0000000000
100.0000000000
100.0000000000
100.0000000000
100.0000000000
100.0000000000
100.0000000000
100.0000000000
100.0000000000
100.0000000000
100.0000000000
100.0000000000
100.0000000000
100.0000000000
100.0000000000
100.0000000000
100.0000000000
100.0000000000
100.0000000000
100.0000000000
100.0000000000
100.0000000000
100.0000000000
100.0000000000
100.0000000000
100.0000000000
100.0000000000
100.0000000000
100.0000000000
100.0000000000
100.0000000000
100.0000000000
100.0000000000
100.0000000000
100.0000000000
100.0000000000
100.0000000000
100.0000000000
100.0000000000
100.0000000000
100.0000000000
100.0000000000
100.0000000000
100.0000000000
100.0000000000
100.0000000000
100.0000000000
100.0000000000
100.0000000000
100.0000000000
100.0000000000
100.0000000000
100.0000000000
100.0000000000
100.0000000000
100.0000000000
100.0000000000
100.0000000000
100.0000000000
100.0000000000
100.0000000000
100.0000000000
100.0000000000
100.0000000000
100.0000000000
100.0000000000
100.0000000000
100.0000000000
100.0000000000
100.0000000000
100.0000000000
100.0000000000
100.0000000000
100.0000000000
100.0000000000
100.0000000000
100.0000000000
100.0000000000
100.0000000000
100.0000000000
100.0000000000
100.0000000000
100.0000000000
100.0000000000
100.0000000000
100.0000000000
100.0000000000
100.0000000000
100.0000000000
100.0000000000
100.0000000000
100.0000000000
100.0000000000
100.0000000000
100.0000000000
100.0000000000
100.0000000000
100.0000000000
100.0000000000
100.0000000000
100.0000000000
100.0000000000
100.0000000000
100.0000000000
100.0000000000
100.0000000000
100.0000000000
100.0000000000
100.0000000000
100.0000000000
100.0000000000
100.0000000000
100.0000000000
100.0000000000
100.0000000000
100.0000000000
100.0000000000
100.0000000000
100.0000000000
100.0000000000
100.0000000000
100.0000000000
100.0000000000
100.0000000000
100.0000000000
100.0000000000
100.0000000000
100.0000000000
100.0000000000
100.0000000000
100.0000000000
100.0000000000
100.0000000000
100.0000000000
100.0000000000
100.0000000000
100.0000000000
100.0000000000
100.0000000000
100.0000000000
100.0000000000
100.0000000000
100.0000000000
100.0000000000
100.0000000000
100.0000000000
100.0000000000
100.0000000000
100.0000000000
100.0000000000
100.0000000000
100.0000000000
100.0000000000
100.0000000000
100.0000000000
100.0000000000
100.0000000000
100.0000000000
100.0000000000
100.0000000000
100.0000000000
100.0000000000
100.0000000000
100.0000000000
100.0000000000
100.0000000000
100.0000000000
100.0000000000
100.0000000000
100.0000000000
100.0000000000
100.0000000000
100.0000000000
100.0000000000
100.0000000000
100.0000000000
100.0000000000
100.0000000000
100.0000000000
100.0000000000
100.0000000000
100.0000000000
100.0000000000
100.0000000000
100.0000000000
100.0000000000
100.0000000000
100.0000000000
100.0000000000
100.0000000000
100.0000000000
100.0000000000
100.0000000000
97.9831069465
95.7174739315
93.4247011359
91.1034394062
88.7522176488
86.3694264472
83.9532986970
81.5018865607
79.0130338425
76.4843426080
73.9131324982
71.2963906644
68.6307095125
65.9122083835
63.1364337428
60.2982301245
57.3915705129
54.4093292241
51.3429712420
48.1821166196
44.9139116898
41.5220893937
37.9855047027
34.2757296001
30.3528314787
26.1572772314
21.5923566118
16.4780520959
10.3805223484
0.0000000720
