0.0000000000
1.6722408027
3.3444816054
5.0167224080
6.6889632107
8.3612040134
10.0334448161
11.7056856187
13.3779264214
15.0501672241
16.7224080268
18.3946488294
20.0668896321
21.7391304348
23.4113712375
25.0836120401
26.7558528428
28.4280936455
30.1003344482
31.7725752508
33.4448160535
35.1170568562
36.7892976589
38.4615384615
40.1337792642
41.8060200669
43.4782608696
45.1505016722
46.8227424749
48.4949832776
50.1672240803
51.8394648829
53.5117056856
55.1839464883
56.8561872910
58.5284280936
60.2006688963
61.8729096990
63.5451505017
65.2173913043
66.8896321070
68.5618729097
70.2341137124
71.9063545151
73.5785953177
75.2508361204
76.9230769231
78.5953177258
80.2675585284
81.9397993311
83.6120401338
85.2842809365
86.9565217391
88.6287625418
90.3010033445
91.9732441472
93.6454849498
95.3177257525
96.9899665552
98.6622073579
100.3344481605
102.0066889632
103.6789297659
105.3511705686
107.0234113712
108.6956521739
110.3678929766
112.0401337793
113.7123745819
115.3846153846
117.0568561873
118.7290969900
120.4013377926
122.0735785953
123.7458193980
125.4180602007
127.0903010033
128.7625418060
130.4347826087
132.1070234114
133.7792642140
135.4515050167
137.1237458194
138.7959866221
140.4682274247
142.1404682274
143.8127090301
145.4849498328
147.1571906355
148.8294314381
150.5016722408
152.1739130435
153.8461538462
155.5183946488
157.1906354515
158.8628762542
160.5351170569
162.2073578595
163.8795986622
165.5518394649
167.2240802676
168.8963210702
170.5685618729
172.2408026756
173.9130434783
175.5852842809
177.2575250836
178.9297658863
180.6020066890
182.2742474916
183.9464882943
185.6187290970
187.2909698997
188.9632107023
190.6354515050
192.3076923077
193.9799331104
195.6521739130
197.3244147157
198.9966555184
200.6688963211
202.3411371237
204.0133779264
205.6856187291
207.3578595318
209.0301003344
210.7023411371
212.3745819398
214.0468227425
215.7190635452
217.3913043478
219.0635451505
220.7357859532
222.4080267559
224.0802675585
225.7525083612
227.4247491639
229.0969899666
230.7692307692
232.4414715719
234.1137123746
235.7859531773
237.4581939799
239.1304347826
240.8026755853
242.4749163880
244.1471571906
245.8193979933
247.4916387960
249.1638795987
249.1638795987
247.4916387960
245.8193979933
244.1471571906
242.4749163880
240.8026755853
239.1304347826
237.4581939799
235.7859531773
234.1137123746
232.4414715719
230.7692307692
229.0969899666
227.4247491639
225.7525083612
224.0802675585
222.4080267559
220.7357859532
219.0635451505
217.3913043478
215.7190635452
214.0468227425
212.3745819398
210.7023411371
209.0301003344
207.3578595318
205.6856187291
204.0133779264
202.3411371237
200.6688963211
198.9966555184
197.3244147157
195.6521739130
193.9799331104
192.3076923077
190.6354515050
188.9632107023
187.2909698997
185.6187290970
183.9464882943
182.2742474916
180.6020066890
178.9297658863
177.2575250836
175.5852842809
173.9130434783
172.2408026756
170.5685618729
168.8963210702
167.2240802676
165.5518394649
163.8795986622
162.2073578595
160.5351170569
158.8628762542
157.1906354515
155.5183946488
153.8461538462
152.1739130435
150.5016722408
148.8294314381
147.1571906355
145.4849498328
143.8127090301
142.1404682274
140.4682274247
138.7959866221
137.1237458194
135.4515050167
133.7792642140
132.1070234114
130.4347826087
128.7625418060
127.0903010033
125.4180602007
123.7458193980
122.0735785953
120.4013377926
118.7290969900
117.0568561873
115.3846153846
113.7123745819
112.0401337793
110.3678929766
108.6956521739
107.0234113712
105.3511705686
103.6789297659
102.0066889632
100.3344481605
98.6622073579
96.9899665552
95.3177257525
93.6454849498
91.9732441472
90.3010033445
88.6287625418
86.9565217391
85.2842809365
83.6120401338
81.9397993311
80.2675585284
78.5953177258
76.9230769231
75.2508361204
73.5785953177
71.9063545150
70.2341137124
68.5618729097
66.8896321070
65.2173913043
63.5451505017
61.8729096990
60.2006688963
58.5284280936
56.8561872910
55.1839464883
53.5117056856
51.8394648829
50.1672240803
48.4949832776
46.8227424749
45.1505016722
43.4782608696
41.8060200669
40.1337792642
38.4615384615
36.7892976589
35.1170568562
33.4448160535
31.7725752508
30.1003344482
28.4280936455
26.7558528428
25.0836120401
23.4113712375
21.7391304348
20.0668896321
18.3946488294
16.7224080268
15.0501672241
13.3779264214
11.7056856187
10.0334448161
8.3612040134
6.6889632107
5.0167224080
3.3444816054
1.6722408027
-0.0000000000
