-1.500000000000000
-1.469696969696970
-1.439393939393939
-1.409090909090909
-1.378787878787879
-1.348484848484849
-1.318181818181818
-1.287878787878788
-1.257575757575758
-1.227272727272728
-1.196969696969697
-1.166666666666667
-1.136363636363637
-1.106060606060606
-1.075757575757576
-1.045454545454546
-1.015151515151516
-0.984848484848485
-0.954545454545455
-0.924242424242425
-0.893939393939394
-0.863636363636364
-0.833333333333334
-0.803030303030304
-0.772727272727273
-0.742424242424243
-0.712121212121213
-0.681818181818183
-0.651515151515152
-0.621212121212122
-0.590909090909092
-0.560606060606061
-0.530303030303031
-0.500000000000001
-0.469696969696971
-0.439393939393940
-0.409090909090910
-0.378787878787880
-0.348484848484850
-0.318181818181819
-0.287878787878789
-0.257575757575759
-0.227272727272728
-0.196969696969698
-0.166666666666668
-0.136363636363637
-0.106060606060607
-0.075757575757577
-0.045454545454547
-0.015151515151516
0.015151515151514
0.045454545454544
0.075757575757575
0.106060606060605
0.136363636363635
0.166666666666666
0.196969696969696
0.227272727272726
0.257575757575756
0.287878787878787
0.318181818181817
0.348484848484847
0.378787878787878
0.409090909090908
0.439393939393938
0.469696969696968
0.499999999999999
0.530303030303029
0.560606060606059
0.590909090909089
0.621212121212120
0.651515151515150
0.681818181818180
0.712121212121211
0.742424242424241
0.772727272727271
0.803030303030301
0.833333333333332
0.863636363636362
0.893939393939392
0.924242424242423
0.954545454545453
0.984848484848483
1.015151515151513
1.045454545454544
1.075757575757574
1.106060606060604
1.136363636363634
1.166666666666665
1.196969696969695
1.227272727272725
1.257575757575756
1.287878787878786
1.318181818181816
1.348484848484846
1.378787878787877
1.409090909090907
1.439393939393937
1.469696969696968
1.499999999999998
