9.015824288568714
9.019375809397065
9.023626582544273
9.028691110415638
9.034697581176651
9.041788466943656
9.050120924362256
9.059866945409688
9.071213203401719
9.084360537733779
9.099523021181666
9.116926555959898
9.136806949487410
9.159407428192685
9.184975557884533
9.213759552308360
9.246003967474850
9.281944798030818
9.321804013036068
9.365783591556021
9.414059142860697
9.466773220967985
9.524028467877743
9.585880743095551
9.652332417843592
9.723326029567334
9.798738504848393
9.878376165572568
9.961970733249366
10.049176538992651
10.139569131348971
10.232645450688302
10.405651414737932
10.598914123654609
10.793638317927087
10.988263035794578
11.181125445763605
11.370482607431182
11.554536272834286
11.731460278844569
11.899429978728421
12.056653071590652
12.201401116091819
12.332040963139590
12.447065314067375
12.545121608129195
12.625038466967737
12.685848973990900
12.726810142155649
12.747418022262401
12.747418022262401
12.726810142155651
12.685848973990904
12.625038466967741
12.545121608129200
12.447065314067384
12.332040963139598
12.201401116091830
12.056653071590663
11.899429978728435
11.731460278844581
11.554536272834298
11.370482607431196
11.181125445763620
10.988263035794592
10.793638317927101
10.598914123654623
10.405651414737946
10.232645450688310
10.139569131348978
10.049176538992658
9.961970733249371
9.878376165572575
9.798738504848398
9.723326029567339
9.652332417843597
9.585880743095554
9.524028467877748
9.466773220967989
9.414059142860701
9.365783591556024
9.321804013036072
9.281944798030821
9.246003967474852
9.213759552308362
9.184975557884535
9.159407428192686
9.136806949487411
9.116926555959898
9.099523021181668
9.084360537733781
9.071213203401721
9.059866945409690
9.050120924362258
9.041788466943657
9.034697581176651
9.028691110415638
9.023626582544273
9.019375809397065
9.015824288568714
