0.063297154274857
0.077503237588263
0.094506330177089
0.114764441662553
0.138790324706605
0.167153867774626
0.200483697449024
0.239467781638753
0.284852813606877
0.337442150935119
0.398092084726662
0.467706223839589
0.547227797949640
0.637629712770736
0.739902231538131
0.855038209233440
0.984015869899398
1.127779192123270
1.287216052144272
1.463134366224082
1.656236571442788
1.867092883871938
2.096113871510974
2.343522972382201
2.609329671374367
2.893304118269334
3.194954019393573
3.513504662290274
3.847882932997461
4.196706155970605
4.558276525395884
4.930581802753208
5.311302829475863
5.697828247309219
6.087276635854174
6.476526071589156
6.862250891527210
7.240965214862364
7.609072545668571
7.962920557689138
8.298859957456843
8.613306143181303
8.902802232183639
9.164081926279179
9.394130628134750
9.590243216258390
9.750076933935473
9.871697947981801
9.953620284311299
9.994836044524801
9.994836044524803
9.953620284311302
9.871697947981810
9.750076933935484
9.590243216258402
9.394130628134766
9.164081926279197
8.902802232183660
8.613306143181326
8.298859957456868
7.962920557689163
7.609072545668597
7.240965214862392
6.862250891527237
6.476526071589184
6.087276635854202
5.697828247309246
5.311302829475891
4.930581802753236
4.558276525395911
4.196706155970632
3.847882932997486
3.513504662290298
3.194954019393595
2.893304118269355
2.609329671374387
2.343522972382219
2.096113871510991
1.867092883871954
1.656236571442803
1.463134366224095
1.287216052144285
1.127779192123281
0.984015869899409
0.855038209233449
0.739902231538140
0.637629712770743
0.547227797949646
0.467706223839594
0.398092084726667
0.337442150935123
0.284852813606881
0.239467781638756
0.200483697449027
0.167153867774628
0.138790324706607
0.114764441662555
0.094506330177090
0.077503237588264
0.063297154274858
