    5.0000
27417150.1036
150340023960728.5625
824379000702185242624.0000
4520424560902390798551613440.0000
24787431743657336983085545529802752.0000
135920147359744815848586506064029972168704.0000
108347837065483131868097545437765460457160704.0000
73509579482552083435424150393831722340843520.0000
49873245484686380134007431206469480099086336.0000
33836958838353497677126169326729481580183552.0000
22956993720811368152016309354724283283144704.0000
15575382031673668214299966759481064678227968.0000
10567260172775467098216686612195906720628736.0000
7169454163759327562332951907608120640143360.0000
4864181648396528139171487309108388017733632.0000
3300148458748389459505266032382596167499776.0000
2239015858581179910112108929947986280054784.0000
1519080755803145305920545892847489262813184.0000
1030634210922341190814429590217608094810112.0000
699243192085547067091156750921240481366016.0000
474407929114267767704130404831500953452544.0000
321866391770256319474815294369163334647808.0000
218373192759705403919518100672409925320704.0000
148157286797764404283421352228296180367360.0000
100518664190751198193471361075940230692864.0000
3965313040467040889847689337263250997248.0000
7414519618980806514146670551236608.0000
13864000299400181637925830656.0000
25923527642940153266176.0000
