0.000000000000000
0.003344481605351
0.006688963210702
0.010033444816054
0.013377926421405
0.016722408026756
0.020066889632107
0.023411371237458
0.026755852842809
0.030100334448161
0.033444816053512
0.036789297658863
0.040133779264214
0.043478260869565
0.046822742474916
0.050167224080268
0.053511705685619
0.056856187290970
0.060200668896321
0.063545150501672
0.066889632107023
0.070234113712375
0.073578595317726
0.076923076923077
0.080267558528428
0.083612040133779
0.086956521739130
0.090301003344482
0.093645484949833
0.096989966555184
0.100334448160535
0.103678929765886
0.107023411371237
0.110367892976589
0.113712374581940
0.117056856187291
0.120401337792642
0.123745819397993
0.127090301003344
0.130434782608696
0.133779264214047
0.137123745819398
0.140468227424749
0.143812709030100
0.147157190635451
0.150501672240803
0.153846153846154
0.157190635451505
0.160535117056856
0.163879598662207
0.167224080267558
0.170568561872910
0.173913043478261
0.177257525083612
0.180602006688963
0.183946488294314
0.187290969899665
0.190635451505017
0.193979933110368
0.197324414715719
0.200668896321070
0.204013377926421
0.207357859531772
0.210702341137124
0.214046822742475
0.217391304347826
0.220735785953177
0.224080267558528
0.227424749163879
0.230769230769231
0.234113712374582
0.237458193979933
0.240802675585284
0.244147157190635
0.247491638795986
0.250836120401338
0.254180602006689
0.257525083612040
0.260869565217391
0.264214046822742
0.267558528428094
0.270903010033445
0.274247491638796
0.277591973244147
0.280936454849498
0.284280936454849
0.287625418060201
0.290969899665552
0.294314381270903
0.297658862876254
0.301003344481605
0.304347826086956
0.307692307692308
0.311036789297659
0.314381270903010
0.317725752508361
0.321070234113712
0.324414715719063
0.327759197324415
0.331103678929766
0.334448160535117
0.337792642140468
0.341137123745819
0.344481605351170
0.347826086956522
0.351170568561873
0.354515050167224
0.357859531772575
0.361204013377926
0.364548494983277
0.367892976588629
0.371237458193980
0.374581939799331
0.377926421404682
0.381270903010033
0.384615384615384
0.387959866220736
0.391304347826087
0.394648829431438
0.397993311036789
0.401337792642140
0.404682274247491
0.408026755852843
0.411371237458194
0.414715719063545
0.418060200668896
0.421404682274247
0.424749163879598
0.428093645484950
0.431438127090301
0.434782608695652
0.438127090301003
0.441471571906354
0.444816053511705
0.448160535117057
0.451505016722408
0.454849498327759
0.458193979933110
0.461538461538461
0.464882943143812
0.468227424749164
0.471571906354515
0.474916387959866
0.478260869565217
0.481605351170568
0.484949832775919
0.488294314381271
0.491638795986622
0.494983277591973
0.498327759197324
0.501672240802675
0.505016722408027
0.508361204013378
0.511705685618729
0.515050167224080
0.518394648829431
0.521739130434782
0.525083612040134
0.528428093645485
0.531772575250836
0.535117056856187
0.538461538461538
0.541806020066889
0.545150501672241
0.548494983277592
0.551839464882943
0.555183946488294
0.558528428093645
0.561872909698996
0.565217391304348
0.568561872909699
0.571906354515050
0.575250836120401
0.578595317725752
0.581939799331103
0.585284280936455
0.588628762541806
0.591973244147157
0.595317725752508
0.598662207357859
0.602006688963210
0.605351170568562
0.608695652173913
0.612040133779264
0.615384615384615
0.618729096989966
0.622073578595317
0.625418060200669
0.628762541806020
0.632107023411371
0.635451505016722
0.638795986622073
0.642140468227424
0.645484949832776
0.648829431438127
0.652173913043478
0.655518394648829
0.658862876254180
0.662207357859531
0.665551839464883
0.668896321070234
0.672240802675585
0.675585284280936
0.678929765886287
0.682274247491638
0.685618729096990
0.688963210702341
0.692307692307692
0.695652173913043
0.698996655518394
0.702341137123745
0.705685618729097
0.709030100334448
0.712374581939799
0.715719063545150
0.719063545150501
0.722408026755852
0.725752508361204
0.729096989966555
0.732441471571906
0.735785953177257
0.739130434782608
0.742474916387959
0.745819397993311
0.749163879598662
0.752508361204013
0.755852842809364
0.759197324414715
0.762541806020066
0.765886287625418
0.769230769230769
0.772575250836120
0.775919732441471
0.779264214046822
0.782608695652174
0.785953177257525
0.789297658862876
0.792642140468227
0.795986622073578
0.799331103678929
0.802675585284281
0.806020066889632
0.809364548494983
0.812709030100334
0.816053511705685
0.819397993311036
0.822742474916388
0.826086956521739
0.829431438127090
0.832775919732441
0.836120401337792
0.839464882943143
0.842809364548495
0.846153846153846
0.849498327759197
0.852842809364548
0.856187290969899
0.859531772575250
0.862876254180602
0.866220735785953
0.869565217391304
0.872909698996655
0.876254180602006
0.879598662207357
0.882943143812709
0.886287625418060
0.889632107023411
0.892976588628762
0.896321070234113
0.899665551839464
0.903010033444816
0.906354515050167
0.909698996655518
0.913043478260869
0.916387959866220
0.919732441471571
0.923076923076923
0.926421404682274
0.929765886287625
0.933110367892976
0.936454849498327
0.939799331103678
0.943143812709030
0.946488294314381
0.949832775919732
0.953177257525083
0.956521739130434
0.959866220735785
0.963210702341137
0.966555183946488
0.969899665551839
0.973244147157190
0.976588628762541
0.979933110367892
0.983277591973244
0.986622073578595
0.989966555183946
0.993311036789297
0.996655518394648
0.999999999999999
