35.000000000000000
35.000000000000000
35.000000000000000
35.000000000000000
35.000000000000000
35.000000000000000
35.000000000000000
35.245564314251993
37.022667900527914
38.782433879419614
40.522781471742434
42.241660069624686
43.937052406339632
45.606977669274251
47.249494550735271
48.862704231402489
50.444753291356491
51.993836543735185
53.508199786208827
54.986142465606832
56.426020251181903
57.826247512156812
59.185299695366439
60.000000000000000
60.000000000000000
60.000000000000000
60.000000000000000
60.000000000000000
60.000000000000000
60.000000000000000
60.000000000000000
60.000000000000000
60.000000000000000
60.000000000000000
60.000000000000000
60.000000000000000
60.000000000000000
60.000000000000000
60.000000000000000
60.000000000000000
60.000000000000000
60.000000000000000
60.000000000000000
60.000000000000000
60.000000000000000
60.000000000000000
60.000000000000000
60.000000000000000
60.000000000000000
60.000000000000000
60.000000000000000
60.000000000000000
60.000000000000000
60.000000000000000
60.000000000000000
60.000000000000000
60.000000000000000
60.000000000000000
60.000000000000000
60.000000000000000
60.000000000000000
60.000000000000000
60.000000000000000
60.000000000000000
60.000000000000000
60.000000000000000
60.000000000000000
60.000000000000000
60.000000000000000
60.000000000000000
60.000000000000000
60.000000000000000
60.000000000000000
60.000000000000000
60.000000000000000
59.736812377163744
58.674292790130821
57.597538445669123
56.508412617239088
55.408778519333964
54.300496043489744
53.185418509826270
52.065389439840047
50.942239356128368
49.817782614672254
48.693814275243660
47.572107015431293
46.454408093697893
45.342436366791105
44.237879366729786
43.142390442478558
42.057585971304505
40.985042644683219
39.926294833485478
38.882832037031477
37.856096420448090
36.847480444603853
35.858324592729574
35.000000000000000
35.000000000000000
35.000000000000000
35.000000000000000
35.000000000000000
35.000000000000000
35.000000000000000
35.000000000000000
35.000000000000000
35.000000000000000
35.000000000000000
35.000000000000000
35.000000000000000
35.000000000000000
35.000000000000000
35.000000000000000
35.000000000000000
35.000000000000000
35.000000000000000
35.000000000000000
35.000000000000000
35.000000000000000
35.000000000000000
35.000000000000000
35.000000000000000
35.000000000000000
35.000000000000000
35.000000000000000
35.000000000000000
35.000000000000000
35.000000000000000
35.000000000000000
35.000000000000000
35.000000000000000
35.000000000000000
35.000000000000000
35.000000000000000
35.000000000000000
35.000000000000000
35.000000000000000
35.000000000000000
35.000000000000000
35.000000000000000
35.000000000000000
35.000000000000000
35.000000000000000
35.000000000000000
35.000000000000000
35.000000000000000
35.000000000000000
35.000000000000000
35.000000000000000
35.000000000000000
35.000000000000000
35.000000000000000
35.000000000000000
35.000000000000000
35.000000000000000
35.000000000000000
35.000000000000000
35.000000000000000
35.000000000000000
35.000000000000000
35.000000000000000
35.000000000000000
35.000000000000000
35.000000000000000
35.000000000000000
35.000000000000000
35.000000000000000
35.000000000000000
35.000000000000000
35.000000000000000
35.000000000000000
35.000000000000000
35.000000000000000
35.000000000000000
35.000000000000000
35.000000000000000
35.000000000000000
35.000000000000000
35.000000000000000
35.000000000000000
35.000000000000000
35.000000000000000
35.000000000000000
35.000000000000000
35.000000000000000
35.000000000000000
35.000000000000000
35.000000000000000
35.000000000000000
35.000000000000000
35.000000000000000
35.000000000000000
35.000000000000000
35.000000000000000
35.000000000000000
35.000000000000000
35.000000000000000
35.000000000000000
35.000000000000000
35.000000000000000
35.000000000000000
35.000000000000000
35.000000000000000
35.000000000000000
35.000000000000000
35.000000000000000
35.000000000000000
35.000000000000000
35.000000000000000
35.000000000000000
35.000000000000000
35.000000000000000
35.000000000000000
35.000000000000000
35.000000000000000
35.000000000000000
35.000000000000000
35.000000000000000
35.000000000000000
35.000000000000000
35.000000000000000
35.000000000000000
35.000000000000000
35.000000000000000
35.000000000000000
35.000000000000000
35.000000000000000
35.000000000000000
35.000000000000000
35.000000000000000
35.000000000000000
35.000000000000000
35.000000000000000
35.000000000000000
35.000000000000000
35.000000000000000
35.000000000000000
35.000000000000000
35.000000000000000
35.000000000000000
35.000000000000000
35.000000000000000
35.000000000000000
35.000000000000000
35.000000000000000
35.000000000000000
35.000000000000000
35.000000000000000
35.000000000000000
35.000000000000000
35.000000000000000
35.000000000000000
35.000000000000000
35.000000000000000
35.000000000000000
35.000000000000000
35.000000000000000
35.000000000000000
35.000000000000000
35.000000000000000
35.000000000000000
35.000000000000000
35.000000000000000
35.000000000000000
35.000000000000000
35.000000000000000
35.000000000000000
35.000000000000000
35.000000000000000
35.000000000000000
35.000000000000000
35.000000000000000
35.000000000000000
35.000000000000000
35.000000000000000
35.000000000000000
35.000000000000000
35.000000000000000
35.000000000000000
35.000000000000000
35.000000000000000
35.000000000000000
35.000000000000000
35.000000000000000
35.000000000000000
35.000000000000000
35.000000000000000
35.000000000000000
35.000000000000000
35.000000000000000
35.000000000000000
35.000000000000000
35.000000000000000
35.000000000000000
35.000000000000000
35.000000000000000
35.000000000000000
35.000000000000000
35.000000000000000
