5.000000000000000
5.735343004427703
6.469804796510060
7.202505535860562
7.932568123668769
8.659119567638434
9.381292339917191
10.098225725700798
10.809067160211166
11.512973551767846
12.209112588696975
12.896664027849873
13.574820962535853
14.242791067709700
14.899797820294108
15.545081692560995
16.177901316542595
16.797534617494073
17.403279914483530
17.994456986242731
18.570408100472761
19.130499004862724
19.674119878146577
20.200686239593090
20.709639815396699
21.200449360512330
21.672611434555250
22.125651130467311
22.559122754733508
22.972610458017613
23.365728815172140
23.738123353666495
24.089471029567363
24.419480650296855
24.727893243487124
25.014482371344208
25.279054390029032
25.521448653659505
25.741537662634478
25.939227156077251
26.114456148294042
26.267196909240468
26.397454889086664
26.505268587069239
26.590709364915305
26.653881205220554
26.694920415258995
26.713995276797284
26.711305642580406
26.687082480248215
26.641587364533986
26.575111918685806
26.487977206140052
26.380533073562390
26.253157446456431
26.106255578622093
25.940259256826042
25.755625962123844
25.552837989348774
25.332401526354236
25.094845694666475
24.840721553270779
24.570601067317739
24.285076043596639
23.984757034680037
23.670272213697270
23.342266221744865
23.001398989988530
22.648344538554387
22.283789754346401
21.908433149962601
21.522983605914270
21.128159098380117
20.724685414751363
20.313294859243385
19.894724950865498
19.469717116052330
19.039015378267649
18.603365046895636
18.163511407733587
17.720198417395899
17.274167403930509
16.826155775936019
16.376895742451346
15.927113045868900
15.477525710097463
15.028842806172516
14.581763237479157
14.136974546716441
13.695151746691913
13.256956176991423
12.823034388521801
12.394017057873288
11.970517933394191
11.553132814812592
11.142438568179236
10.738992177841542
10.343329837091829
9.955966079062888
9.577392949371538
9.208079221935270
8.848469659309677
8.498984318813784
8.160017905628477
7.831939173968442
7.515090377341895
7.209786768824134
6.916316152181265
6.634938484589156
6.365885531600313
6.109360574917591
5.865538173439196
5.634563977943952
5.416554599689812
5.211597533102127
5.019751132631397
4.841044643763379
4.675478288067573
4.523023402073511
4.383622629668118
4.257190167611721
4.143612063675411
4.042746566808496
3.954424528651904
3.878449855621566
3.814600010695777
3.762626563951558
3.722255790808269
3.693189316851396
3.675104808026527
3.667656704912380
3.670476999703341
3.683176054455570
3.705343459077351
3.736548927473343
3.776343230184399
3.824259161799617
3.879812541355151
3.942503243875675
4.011816261158735
4.087222789850182
4.168181344810231
4.254138895724546
4.344532024873447
4.438788103934487
4.536326487659849
4.636559722239881
4.738894766137898
4.842734221159252
4.947477571499279
5.052522428500705
5.157265778840731
5.261105233862083
5.363440277760104
5.463673512340135
5.561211896065497
5.655467975126537
5.745861104275440
5.831818655189755
5.912777210149804
5.988183738841254
6.057496756124314
6.120187458644839
6.175740838200376
6.223656769815594
6.263451072526652
6.294656540922645
6.316823945544428
6.329523000296658
6.332343295087620
6.324895191973477
6.306810683148607
6.277744209191737
6.237373436048448
6.185399989304233
6.121550144378445
6.045575471348110
5.957253433191518
5.856387936324609
5.742809832388296
5.616377370331904
5.476976597926512
5.324521711932453
5.158955356236644
4.980248867368630
4.788402466897905
4.583445400310223
4.365436022056086
4.134461826560846
3.890639425082449
3.634114468399725
3.365061515410884
3.083683847818781
2.790213231175915
2.484909622658154
2.168060826031603
1.839982094371569
1.501015681186262
1.151530340690389
0.791920778064798
0.422607050628532
0.044033920937173
-0.343329837091765
-0.738992177841480
-1.142438568179171
-1.553132814812525
-1.970517933394127
-2.394017057873228
-2.823034388521738
-3.256956176991361
-3.695151746691836
-4.136974546716363
-4.581763237479084
-5.028842806172441
-5.477525710097388
-5.927113045868827
-6.376895742451275
-6.826155775935949
-7.274167403930447
-7.720198417395833
-8.163511407733520
-8.603365046895576
-9.039015378267571
-9.469717116052252
-9.894724950865429
-10.313294859243312
-10.724685414751294
-11.128159098380049
-11.522983605914204
-11.908433149962541
-12.283789754346342
-12.648344538554330
-13.001398989988477
-13.342266221744813
-13.670272213697208
-13.984757034679982
-14.285076043596586
-14.570601067317689
-14.840721553270733
-15.094845694666429
-15.332401526354195
-15.552837989348742
-15.755625962123815
-15.940259256826010
-16.106255578622068
-16.253157446456409
-16.380533073562368
-16.487977206140034
-16.575111918685796
-16.641587364533976
-16.687082480248208
-16.711305642580403
-16.713995276797291
-16.694920415258999
-16.653881205220564
-16.590709364915316
-16.505268587069253
-16.397454889086681
-16.267196909240493
-16.114456148294071
-15.939227156077282
-15.741537662634515
-15.521448653659544
-15.279054390029073
-15.014482371344258
-14.727893243487170
-14.419480650296903
-14.089471029567417
-13.738123353666554
-13.365728815172199
-12.972610458017693
-12.559122754733586
-12.125651130467391
-11.672611434555332
-11.200449360512412
-10.709639815396782
-10.200686239593175
-9.674119878146666
-9.130499004862813
-8.570408100472850
-7.994456986242820
-7.403279914483621
-6.797534617494189
-6.177901316542711
-5.545081692561114
-4.899797820294227
-4.242791067709817
-3.574820962535970
-2.896664027849988
-2.209112588697089
-1.512973551767960
-0.809067160211277
-0.098225725700912
0.618707660082696
1.340880432361425
2.067431876331091
2.797494464139300
3.530195203489804
4.264656995572162
4.999999999999867
