0.000000000000000
0.000000204081633
0.000000408163265
0.000000612244898
0.000000816326531
0.000001020408163
0.000001224489796
0.000001428571429
0.000001632653061
0.000001836734694
0.000002040816327
0.000002244897959
0.000002448979592
0.000002653061224
0.000002857142857
0.000003061224490
0.000003265306122
0.000003469387755
0.000003673469388
0.000003877551020
0.000004081632653
0.000004285714286
0.000004489795918
0.000004693877551
0.000004897959184
0.000005102040816
0.000005306122449
0.000005510204082
0.000005714285714
0.000005918367347
0.000006122448980
0.000006326530612
0.000006530612245
0.000006734693878
0.000006938775510
0.000007142857143
0.000007346938776
0.000007551020408
0.000007755102041
0.000007959183673
0.000008163265306
0.000008367346939
0.000008571428571
0.000008775510204
0.000008979591837
0.000009183673469
0.000009387755102
0.000009591836735
0.000009795918367
0.000010000000000
