0.0000000000
0.0000002685
0.0000005369
0.0000008054
0.0000010738
0.0000013423
0.0000016107
0.0000018792
0.0000021477
0.0000024161
0.0000026846
0.0000029530
0.0000032215
0.0000034899
0.0000037584
0.0000040268
0.0000042953
0.0000045638
0.0000048322
0.0000051007
0.0000053691
0.0000056376
0.0000059060
0.0000061745
0.0000064430
0.0000067114
0.0000069799
0.0000072483
0.0000075168
0.0000077852
0.0000080537
0.0000083221
0.0000085906
0.0000088591
0.0000091275
0.0000093960
0.0000096644
0.0000099329
0.0000102013
0.0000104698
0.0000107383
0.0000110067
0.0000112752
0.0000115436
0.0000118121
0.0000120805
0.0000123490
0.0000126174
0.0000128859
0.0000131544
0.0000134228
0.0000136913
0.0000139597
0.0000142282
0.0000144966
0.0000147651
0.0000150336
0.0000153020
0.0000155705
0.0000158389
0.0000161074
0.0000163758
0.0000166443
0.0000169128
0.0000171812
0.0000174497
0.0000177181
0.0000179866
0.0000182550
0.0000185235
0.0000187919
0.0000190604
0.0000193289
0.0000195973
0.0000198658
0.0000201342
0.0000204027
0.0000206711
0.0000209396
0.0000212081
0.0000214765
0.0000217450
0.0000220134
0.0000222819
0.0000225503
0.0000228188
0.0000230872
0.0000233557
0.0000236242
0.0000238926
0.0000241611
0.0000244295
0.0000246980
0.0000249664
0.0000252349
0.0000255034
0.0000257718
0.0000260403
0.0000263087
0.0000265772
0.0000268456
0.0000271141
0.0000273826
0.0000276510
0.0000279195
0.0000281879
0.0000284564
0.0000287248
0.0000289933
0.0000292617
0.0000295302
0.0000297987
0.0000300671
0.0000303356
0.0000306040
0.0000308725
0.0000311409
0.0000314094
0.0000316779
0.0000319463
0.0000322148
0.0000324832
0.0000327517
0.0000330201
0.0000332886
0.0000335570
0.0000338255
0.0000340940
0.0000343624
0.0000346309
0.0000348993
0.0000351678
0.0000354362
0.0000357047
0.0000359732
0.0000362416
0.0000365101
0.0000367785
0.0000370470
0.0000373154
0.0000375839
0.0000378523
0.0000381208
0.0000383893
0.0000386577
0.0000389262
0.0000391946
0.0000394631
0.0000397315
0.0000400000
