0.0000000000
6.4861943156
12.5219584703
18.1072924643
23.2421962975
27.9266699698
32.1607134814
35.9443268321
39.2775100221
42.1602630512
44.5925859196
46.5744786271
48.1059411738
49.1869735597
49.8175757849
50.0000000000
50.0000000000
50.0000000000
50.0000000000
50.0000000000
50.0000000000
50.0000000000
50.0000000000
50.0000000000
50.0000000000
50.0000000000
50.0000000000
50.0000000000
50.0000000000
50.0000000000
50.0000000000
50.0000000000
50.0000000000
50.0000000000
50.0000000000
50.0000000000
50.0000000000
50.0000000000
50.0000000000
50.0000000000
50.0000000000
50.0000000000
50.0000000000
50.0000000000
50.0000000000
50.0000000000
50.0000000000
50.0000000000
50.0000000000
50.0000000000
50.0000000000
50.0000000000
50.0000000000
50.0000000000
50.0000000000
50.0000000000
50.0000000000
50.0000000000
50.0000000000
50.0000000000
49.9639655871
49.5585784424
48.7027611369
47.3965136706
45.6398360434
43.4327282555
40.7751903067
37.6672221972
34.1088239269
30.0999954957
25.6407369037
20.7310481510
15.3709292374
9.5603801631
3.2994009279
3.2994009279
9.5603801631
15.3709292374
20.7310481510
25.6407369037
30.0999954957
34.1088239268
37.6672221972
40.7751903067
43.4327282555
45.6398360434
47.3965136706
48.7027611369
49.5585784424
49.9639655871
50.0000000000
50.0000000000
50.0000000000
50.0000000000
50.0000000000
50.0000000000
50.0000000000
50.0000000000
50.0000000000
50.0000000000
50.0000000000
50.0000000000
50.0000000000
50.0000000000
50.0000000000
50.0000000000
50.0000000000
50.0000000000
50.0000000000
50.0000000000
50.0000000000
50.0000000000
50.0000000000
50.0000000000
50.0000000000
50.0000000000
50.0000000000
50.0000000000
50.0000000000
50.0000000000
50.0000000000
50.0000000000
50.0000000000
50.0000000000
50.0000000000
50.0000000000
50.0000000000
50.0000000000
50.0000000000
50.0000000000
50.0000000000
50.0000000000
50.0000000000
50.0000000000
50.0000000000
49.8175757849
49.1869735597
48.1059411738
46.5744786271
44.5925859196
42.1602630512
39.2775100221
35.9443268321
32.1607134814
27.9266699698
23.2421962975
18.1072924643
12.5219584703
6.4861943156
0.0000000000
