5.000000000000000
5.150501672240803
5.301003344481606
5.451505016722408
5.602006688963211
5.752508361204014
5.903010033444817
6.053511705685620
6.204013377926422
6.354515050167225
6.505016722408028
6.655518394648831
6.806020066889634
6.956521739130436
7.107023411371239
7.257525083612042
7.408026755852845
7.558528428093648
7.709030100334450
7.859531772575253
8.010033444816056
8.160535117056858
8.311036789297660
8.461538461538462
8.612040133779264
8.762541806020065
8.913043478260867
9.063545150501669
9.214046822742471
9.364548494983273
9.515050167224075
9.665551839464877
9.816053511705679
9.966555183946481
10.117056856187283
10.267558528428085
10.418060200668886
10.568561872909688
10.719063545150490
10.869565217391292
11.020066889632094
11.170568561872896
11.321070234113698
11.471571906354500
11.622073578595302
11.772575250836104
11.923076923076906
12.073578595317707
12.224080267558509
12.374581939799311
12.525083612040113
12.675585284280915
12.826086956521717
12.976588628762519
13.127090301003321
13.277591973244123
13.428093645484925
13.578595317725727
13.729096989966528
13.879598662207330
14.030100334448132
14.180602006688934
14.331103678929736
14.481605351170538
14.632107023411340
14.782608695652142
14.933110367892944
15.083612040133746
15.234113712374548
15.384615384615349
15.535117056856151
15.685618729096953
15.836120401337755
15.986622073578557
16.137123745819359
16.287625418060163
16.438127090300966
16.588628762541770
16.739130434782574
16.889632107023377
17.040133779264181
17.190635451504985
17.341137123745789
17.491638795986592
17.642140468227396
17.792642140468200
17.943143812709003
18.093645484949807
18.244147157190611
18.394648829431414
18.545150501672218
18.695652173913022
18.846153846153825
18.996655518394629
19.147157190635433
19.297658862876236
19.448160535117040
19.598662207357844
19.749163879598647
19.899665551839451
20.050167224080255
20.200668896321059
20.351170568561862
20.501672240802666
20.652173913043470
20.802675585284273
20.953177257525077
21.103678929765881
21.254180602006684
21.404682274247488
21.555183946488292
21.705685618729095
21.856187290969899
22.006688963210703
22.157190635451506
22.307692307692310
22.458193979933114
22.608695652173918
22.759197324414721
22.909698996655525
23.060200668896329
23.210702341137132
23.361204013377936
23.511705685618740
23.662207357859543
23.812709030100347
23.963210702341151
24.113712374581954
24.264214046822758
24.414715719063562
24.565217391304365
24.715719063545169
24.866220735785973
25.016722408026776
25.167224080267580
25.317725752508384
25.468227424749188
25.618729096989991
25.769230769230795
25.919732441471599
26.070234113712402
26.220735785953206
26.371237458194010
26.521739130434813
26.672240802675617
26.822742474916421
26.973244147157224
27.123745819398028
27.274247491638832
27.424749163879635
27.575250836120439
27.725752508361243
27.876254180602047
28.026755852842850
28.177257525083654
28.327759197324458
28.478260869565261
28.628762541806065
28.779264214046869
28.929765886287672
29.080267558528476
29.230769230769280
29.381270903010083
29.531772575250887
29.682274247491691
29.832775919732494
29.983277591973298
30.133779264214102
30.284280936454905
30.434782608695709
30.585284280936513
30.735785953177317
30.886287625418120
31.036789297658924
31.187290969899728
31.337792642140531
31.488294314381335
31.638795986622139
31.789297658862942
31.939799331103746
32.090301003344550
32.240802675585350
32.391304347826150
32.541806020066950
32.692307692307750
32.842809364548550
32.993311036789351
33.143812709030151
33.294314381270951
33.444816053511751
33.595317725752551
33.745819397993351
33.896321070234151
34.046822742474951
34.197324414715752
34.347826086956552
34.498327759197352
34.648829431438152
34.799331103678952
34.949832775919752
35.100334448160552
35.250836120401353
35.401337792642153
35.551839464882953
35.702341137123753
35.852842809364553
36.003344481605353
36.153846153846153
36.304347826086953
36.454849498327754
36.605351170568554
36.755852842809354
36.906354515050154
37.056856187290954
37.207357859531754
37.357859531772554
37.508361204013354
37.658862876254155
37.809364548494955
37.959866220735755
38.110367892976555
38.260869565217355
38.411371237458155
38.561872909698955
38.712374581939756
38.862876254180556
39.013377926421356
39.163879598662156
39.314381270902956
39.464882943143756
39.615384615384556
39.765886287625356
39.916387959866157
40.066889632106957
40.217391304347757
40.367892976588557
40.518394648829357
40.668896321070157
40.819397993310957
40.969899665551758
41.120401337792558
41.270903010033358
41.421404682274158
41.571906354514958
41.722408026755758
41.872909698996558
42.023411371237358
42.173913043478159
42.324414715718959
42.474916387959759
42.625418060200559
42.775919732441359
42.926421404682159
43.076923076922959
43.227424749163760
43.377926421404560
43.528428093645360
43.678929765886160
43.829431438126960
43.979933110367760
44.130434782608560
44.280936454849360
44.431438127090161
44.581939799330961
44.732441471571761
44.882943143812561
45.033444816053361
45.183946488294161
45.334448160534961
45.484949832775762
45.635451505016562
45.785953177257362
45.936454849498162
46.086956521738962
46.237458193979762
46.387959866220562
46.538461538461362
46.688963210702163
46.839464882942963
46.989966555183763
47.140468227424563
47.290969899665363
47.441471571906163
47.591973244146963
47.742474916387764
47.892976588628564
48.043478260869364
48.193979933110164
48.344481605350964
48.494983277591764
48.645484949832564
48.795986622073364
48.946488294314165
49.096989966554965
49.247491638795765
49.397993311036565
49.548494983277365
49.698996655518165
49.849498327758965
49.999999999999766
