5.000000000000000
22.521144756065411
101.440392224730530
456.910751481041700
2058.030634941433618
9269.841168386647041
41753.486963794042822
188067.264796419156482
847098.018871488049626
3815523.421116202138364
17185991.057423185557127
77409638.476134508848190
348670734.727143764495850
1570492817.798740625381470
7073859217.601287841796875
31862281484.725185394287109
143515010715.199981689453125
646424466197.060668945312500
2911643795417.258300781250000
13114710278938.332031250000000
59071657725165.937500000000000
266072270921839.968750000000000
1198450425801151.750000000000000
5398095104487126.000000000000000
24314256251032396.000000000000000
109516976933113200.000000000000000
493289538151457600.000000000000000
2221889019072298240.000000000000000
10007896846087827456.000000000000000
45077858714902659072.000000000000000
203040996282354958336.000000000000000
914543133738119725056.000000000000000
4119311660116354793472.000000000000000
18554322838565609799680.000000000000000
83572918099620288004096.000000000000000
376431557241664786399232.000000000000000
1695533918278122077159424.000000000000000
7637072962472033529102336.000000000000000
34399125140092770391687168.000000000000000
154941535352405704505819136.000000000000000
697892149279707239110672384.000000000000000
3143466023609963116679397376.000000000000000
14158890670698488855808442368.000000000000000
63774885276020147257979437056.000000000000000
287256684620543394377541615616.000000000000000
1293869875297321374052832509952.000000000000000
5827886151416582498830988083200.000000000000000
26250133527584032826036206960640.000000000000000
118236611408151727414244802560000.000000000000000
532564768197928970316390581927936.000000000000000
2398793647313166351930669087588352.000000000000000
10804715794213853570585557867692032.000000000000000
48666913689927368651390468313055232.000000000000000
219206921608356478734317470621892608.000000000000000
987358162614643529875845839149072384.000000000000000
4447287221265376412445497217660223488.000000000000000
20031599856383240974970931693102301184.000000000000000
90226912012237372488180599391145426944.000000000000000
406402669264069926913805975506063982592.000000000000000
1830530668749476058175155138887333969920.000000000000000
8245129234264850432157168818613072691200.000000000000000
37137949803468631069288956646129009688576.000000000000000
167277828693479517070822266556691949551616.000000000000000
753457638897223574972483742925844515913728.000000000000000
3393745710633484214864005597869201088839680.000000000000000
15286207682890581148593891447769296887873536.000000000000000
68852579199530758025532623353817476701880320.000000000000000
131625529949195128053218502254441830193037312.000000000000000
126765076049640743293158667602313856344391680.000000000000000
122084101101615096236089995327131135470731264.000000000000000
117575977597747958232348668930376553279258624.000000000000000
113234322760502732914780335121464475225423872.000000000000000
109052989505190361352628560620687051355848704.000000000000000
105026057736688048622891422896275182137114624.000000000000000
101147825967530948303800990689139029400616960.000000000000000
97412803245532491700152604346319227618066432.000000000000000
93815701379473364619526933719761834039312384.000000000000000
90351427451875196739955377225545263435743232.000000000000000
87015076608248787466240407671284996778229760.000000000000000
83801925112609389115161847521345438692147200.000000000000000
80707423659426555162980069379318542048952320.000000000000000
77727190932539480870100047983770404153982976.000000000000000
74857007401918278636691867138550958127054848.000000000000000
72092809349488340230228594150692245668364288.000000000000000
69430683115559416965479603943535116650807296.000000000000000
66866859557713158360202065087631768179179520.000000000000000
64397708714303936614368133040911401153986560.000000000000000
62019734665017165124348746382656691656196096.000000000000000
59729570581209489833165989089653944263639040.000000000000000
57523973959017715120335739653327205517230080.000000000000000
55399822028500218459289367413513852668608512.000000000000000
53354107332293683843235491661027521056473088.000000000000000
51383933467538231242658974716685811873480704.000000000000000
49486510985037034176094234149142664189050880.000000000000000
47659153439844991689460469077400657460199424.000000000000000
45899273587694986595636480630592075393400832.000000000000000
44204379721876304566091425330571772256321536.000000000000000
42572072145378760293022100763688869176541184.000000000000000
41000039773307908128935025435502676254130176.000000000000000
39486056860760652693408753644973847788650496.000000000000000
38027979851528580810900789615150072791564288.000000000000000
36623744343167251097047361859639275641896960.000000000000000
35271362164134526558295717143089968721166336.000000000000000
33968918558859531508818379201254283536236544.000000000000000
32714569476756838352794961812750037382332416.000000000000000
31506538961348012618748686011237371433975808.000000000000000
30343116635791160219500470996444508959277056.000000000000000
29222655281265267160581343156210673362403328.000000000000000
28143568504771512786885776477898102926213120.000000000000000
27104328493056531565000067671474163308036096.000000000000000
26103463849474636923955333382964029180346368.000000000000000
25139557510726927804911641397663254072786944.000000000000000
24211244740527662946968785959713583109505024.000000000000000
23317211197357246466796959364920884653457408.000000000000000
22456191073566125798071343664921124217552896.000000000000000
21626965303194822404577269091570630407487488.000000000000000
20828359835972669761422066686015519588352000.000000000000000
20059243975051540208003488762183910074351616.000000000000000
19318528776121033635886746499752607235440640.000000000000000
18605165505638529124300833364543357417684992.000000000000000
17918144155991499819390473247476773749260288.000000000000000
17256492015488199581057796691090123222155264.000000000000000
16619272291155979877786568994929588815527936.000000000000000
16005582782392116135444233428739473203527680.000000000000000
15414554603593177143272425171672097578024960.000000000000000
14845350953952816639862715798039796549419008.000000000000000
14297165932686475314771622475725869351436288.000000000000000
13769223398005522575541227335752429070188544.000000000000000
13260775868225375846459557169472788750139392.000000000000000
12771103463451694936564971825641969894293504.000000000000000
12299512886346285991544715584035680371605504.000000000000000
11845336440529616139291642299280705246461952.000000000000000
11407931085230170395775539290802308316659712.000000000000000
10986677524842181395173421828005786955022336.000000000000000
10580979332102695929851913864946594678308864.000000000000000
10190262103646536128545196408792217596985344.000000000000000
9813972646743554020726742537958505469444096.000000000000000
9451578196066863064198413994377124455120896.000000000000000
9102565659382318808540286624686034739265536.000000000000000
8766440891093284523333388708613130041688064.000000000000000
8442727992609431934649176846491897263292416.000000000000000
8130968638551033668774841126571424511688704.000000000000000
7830721427833981196115432893583708351627264.000000000000000
7541561258716862875639448699607819386617856.000000000000000
7263078726925296836189037739549526123872256.000000000000000
6994879546001351720111759124502692484874240.000000000000000
6736583989057360464289567568987524759027712.000000000000000
6487826351143746969322726460232473551831040.000000000000000
6248254431469656326712067978464319242240000.000000000000000
6017529034743302795695505206256127768002560.000000000000000
5795323490926013566533558148552608211533824.000000000000000
5581323192720014888385927122821229416808448.000000000000000
5375225150135192411050388397780138100523008.000000000000000
5176737561503705339435735935855181441269760.000000000000000
4985579400336247542931111372550682005471232.000000000000000
4801480017433436960218859053810608540483584.000000000000000
4624178757690176062111139950876526030880768.000000000000000
4453424591049959117267713466987411828375552.000000000000000
4288975757086708755546240590322395487666176.000000000000000
4130599422710903728765110244186492072099840.000000000000000
3978071352515392004190074943956905411739648.000000000000000
3831175591294130707602359197730698470359040.000000000000000
3689704158284361220473856571688920962564096.000000000000000
3553456752699310561571278652664695580786688.000000000000000
3422240470134510558318882680455835372486656.000000000000000
3295869529446192862957054047774887636893696.000000000000000
3174165009715086766345876568211313091674112.000000000000000
3056954596923179358894487429601024291110912.000000000000000
2944072339984795667774888598742532915986432.000000000000000
2835358415786601739029220369650238734991360.000000000000000
2730658902903625686115931519889400100028416.000000000000000
2629825563671536173777412707296204738789376.000000000000000
2532715634305791124670851583399876819419136.000000000000000
2439191622771134109092321771680507961016320.000000000000000
2349121114114991472103861568853703835779072.000000000000000
2262376582989208459138734576130326007906304.000000000000000
2178835213094669762610809954654022554091520.000000000000000
2098378723293185345666122345603314552406016.000000000000000
2020893200140428577118171636118757797003264.000000000000000
1946268936602825259782672972384025375145984.000000000000000
1874400276730048084325332915874118248693760.000000000000000
1805185466063190270943407510033499926036480.000000000000000
1738526507566848329150629752588124190408704.000000000000000
1674329022880986288767622263822414593916928.000000000000000
1612502118696516458695776622882672422682624.000000000000000
1552958258064895400824527341471508786577408.000000000000000
1495613136459914223227029353782835587055616.000000000000000
1440385562416055401330782837697201710301184.000000000000000
1387197342574439942323334441146828149751808.000000000000000
1335973170973612761085701058236819833880576.000000000000000
1286640522428417680909181662024689600430080.000000000000000
1239129549846021577430539883765087724371968.000000000000000
1193372985333599226896057753829820512337920.000000000000000
1149306044957926260294484918344452205969408.000000000000000
1106866337021682470530953291631741401825280.000000000000000
1065993773726863982504021576757379048931328.000000000000000
1026630486100130443241023159699206165233664.000000000000000
988720742059648509897157462212578564374528.000000000000000
952210867507445783745074351313358034042880.000000000000000
917049170335468623854328647108068850532352.000000000000000
883185867237957339070350220972285837180928.000000000000000
850573013226239998220756824330314094477312.000000000000000
819164433746355831981103929043747468214272.000000000000000
788915659303316416784974765235884743720960.000000000000000
759783862499456707668950259218148126359552.000000000000000
731727797397729536685944977835002637058048.000000000000000
704707741124095684755071081286343768145920.000000000000000
678685437626335480963162635502360555683840.000000000000000
653624043509594413677868615059075361669120.000000000000000
629488075872123783579640381679433219571712.000000000000000
606243362067160659067493440859994058653696.000000000000000
583856991319968836059834279190413164150784.000000000000000
562297268131476719402006942477750066216960.000000000000000
541533667402550579911054160806819915628544.000000000000000
521536791215372645840334492182634559438848.000000000000000
502278327210690253175773613492254311186432.000000000000000
483731008502114946940842638342882622177280.000000000000000
465868575070568845891986404077793596932096.000000000000000
448665736584330067569693008218273248968704.000000000000000
432098136591992342543277737902280118632448.000000000000000
416142318037648422833248194185927726202880.000000000000000
400775690049473316218097489847103306858496.000000000000000
385976495954684658260785082966782681022464.000000000000000
371723782475599857124206525964254449762304.000000000000000
357997370063144578180587120424272542040064.000000000000000
344777824325891044295691815423220352286720.000000000000000
332046428514064427430646221957079213539328.000000000000000
319785157019642184450811263694143236341760.000000000000000
307976649854993696849373047090350714257408.000000000000000
296604188073930624854094306199232430735360.000000000000000
285651670100373388661164377130555135754240.000000000000000
275103588931093609656143024011547179483136.000000000000000
264945010180317520608422210220739212083200.000000000000000
255161550935021800015088331678078524719104.000000000000000
245739359391047358653009155711714688237568.000000000000000
236665095241172916484596778559412736360448.000000000000000
227925910787386790823747395477309220716544.000000000000000
219509432750613561036397130372964585308160.000000000000000
211403744752141737312158239732512023642112.000000000000000
203597370441951581445618610082707354419200.000000000000000
196079257250038457468703855879577827016704.000000000000000
188838760737769742629790914126569860497408.000000000000000
181865629527060271286465848348462978957312.000000000000000
175149990786073626979338638188384234766336.000000000000000
168682336250880715506057223019806217732096.000000000000000
162453508763287785780376752403470394327040.000000000000000
156454689305776101713682321568165689032704.000000000000000
150677384515183105362560271168865092763648.000000000000000
145113414657480344449034363416813970128896.000000000000000
139754902046576971111721440590711142481920.000000000000000
134594259890786165333334027638902414639104.000000000000000
129624181551148638708252168029275684864000.000000000000000
124837630196407620390435280764338490572800.000000000000000
120227828839987979991223191480737961345024.000000000000000
115788250744873547535631706082083564683264.000000000000000
111512610182799352738897005672808799272960.000000000000000
107394853534665227207439192463931365916672.000000000000000
103429150719595020275472654289681495621632.000000000000000
99609886940473367660491195999812627464192.000000000000000
95931654734298288939736720358909165961216.000000000000000
92389246316083411692311920081836317868032.000000000000000
88977646205472469661144257729395578372096.000000000000000
85692024125627300296032174968633364054016.000000000000000
82527728164328051708327501432793944031232.000000000000000
79480278187621436363848160641282100690944.000000000000000
76545359496666889740111809597389230047232.000000000000000
55943281617145302533509710640762253737984.000000000000000
15565767860194089743351914960708045897728.000000000000000
4331049628722426093413996523491103342592.000000000000000
1205079701492030164567168677829637308416.000000000000000
335303728065677960295475367433822273536.000000000000000
93295563700510717580611234277976178688.000000000000000
25958739726542074739099867721525886976.000000000000000
7222810404506462326674760425659170816.000000000000000
2009688863520037539442987867251408896.000000000000000
559179751643008358749287952347561984.000000000000000
155587265433647049322522353197907968.000000000000000
43290904389855256595568386128216064.000000000000000
12045345727159185897952148226834432.000000000000000
3351520503710991168150345781084160.000000000000000
932533606027470348180324465246208.000000000000000
259469970542532552335006097211392.000000000000000
72195431004509544488448492044288.000000000000000
20087797624629213177132557008896.000000000000000
5589268015906075997281517043712.000000000000000
1555168841173932592193364557824.000000000000000
432713213550588207690711826432.000000000000000
120398969053377269762438987776.000000000000000
33500044128931132630479405056.000000000000000
9321117659593758262008217600.000000000000000
2593525969386917343342362624.000000000000000
721627727439018830742945792.000000000000000
200787107264596063859769344.000000000000000
55867396596247436896239616.000000000000000
15544653463876654363312128.000000000000000
4325174717882648343085056.000000000000000
1203445054834052104716288.000000000000000
334848900789267452657664.000000000000000
93169011671447745069056.000000000000000
25923527642986940727296.000000000000000
