0.000000000000000
3.010033444816056
6.020066889632112
9.030100334448168
12.040133779264224
15.050167224080280
18.060200668896336
21.070234113712392
24.080267558528448
27.090301003344504
30.100334448160559
33.110367892976612
36.120401337792671
39.130434782608731
42.140468227424783
45.150501672240836
48.160535117056895
51.170568561872955
54.180602006689007
57.190635451505059
60.200668896321119
63.210702341137157
66.220735785953195
69.230769230769226
72.240802675585272
75.250836120401317
78.260869565217348
81.270903010033379
84.280936454849424
87.290969899665470
90.301003344481501
93.311036789297532
96.321070234113577
99.331103678929622
102.341137123745654
105.351170568561685
108.361204013377730
111.371237458193775
114.381270903009806
117.391304347825837
120.401337792641883
123.411371237457928
126.421404682273959
129.431438127089990
132.441471571906050
135.451505016722081
138.461538461538112
141.471571906354143
144.481605351170174
147.491638795986233
150.501672240802264
153.511705685618296
156.521739130434355
159.531772575250386
162.541806020066417
165.551839464882448
168.561872909698479
171.571906354514539
174.581939799330570
177.591973244146601
180.602006688962661
183.612040133778692
186.622073578594723
189.632107023410754
192.642140468226785
195.652173913042844
198.662207357858875
199.958193979933128
199.882943143812724
199.807692307692321
199.732441471571917
199.657190635451514
199.581939799331110
199.506688963210735
199.431438127090331
199.356187290969928
199.280936454849524
199.205685618729120
199.130434782608717
199.055183946488313
198.979933110367909
198.904682274247506
198.829431438127102
198.754180602006699
198.678929765886295
198.603678929765891
198.528428093645488
198.453177257525084
198.377926421404709
198.302675585284305
198.227424749163902
198.152173913043498
198.076923076923094
198.001672240802691
197.926421404682287
197.851170568561884
197.775919732441480
197.700668896321076
197.625418060200673
197.550167224080269
197.474916387959865
197.399665551839462
197.324414715719058
197.249163879598655
197.173913043478251
197.098662207357876
197.023411371237472
196.948160535117069
196.872909698996665
196.797658862876261
196.722408026755858
196.647157190635454
196.571906354515050
196.496655518394647
196.421404682274243
196.346153846153840
196.270903010033436
196.195652173913032
196.120401337792629
196.045150501672225
195.969899665551850
195.894648829431446
195.819397993311043
195.744147157190639
195.668896321070235
195.593645484949832
195.518394648829428
195.443143812709025
195.367892976588621
195.292642140468217
195.217391304347814
195.142140468227410
195.066889632107006
194.991638795986603
194.916387959866199
194.841137123745796
194.765886287625392
194.690635451505017
194.615384615384613
194.540133779264210
194.464882943143806
194.389632107023402
194.314381270902999
194.239130434782595
194.163879598662191
194.088628762541788
194.013377926421384
193.938127090300981
193.862876254180577
193.787625418060173
193.712374581939770
193.637123745819366
193.561872909698991
193.486622073578587
193.411371237458184
193.336120401337780
193.260869565217376
193.185618729096973
193.110367892976569
193.035117056856166
192.959866220735762
192.884615384615358
192.809364548494955
192.734113712374551
192.658862876254148
192.583612040133744
192.508361204013340
192.433110367892937
192.357859531772533
192.282608695652158
192.207357859531754
192.132107023411351
192.056856187290947
191.981605351170543
191.906354515050140
191.831103678929736
191.755852842809333
191.680602006688929
191.605351170568525
191.530100334448122
191.454849498327718
191.379598662207314
191.304347826086939
191.229096989966536
191.153846153846132
191.078595317725728
191.003344481605325
190.928093645484921
190.852842809364518
190.777591973244114
190.702341137123710
190.627090301003335
190.551839464882931
190.476588628762528
190.401337792642124
190.326086956521721
190.250836120401317
190.175585284280913
190.100334448160538
190.025083612040135
189.949832775919731
189.874581939799327
189.799331103678924
189.724080267558520
189.648829431438116
189.573578595317713
189.498327759197309
189.423076923076934
189.347826086956530
189.272575250836127
189.197324414715723
189.122073578595320
189.046822742474916
188.971571906354512
188.896321070234137
188.821070234113733
188.745819397993330
188.670568561872926
188.595317725752523
188.520066889632119
188.444816053511715
188.369565217391312
188.294314381270908
188.219063545150533
188.143812709030129
188.068561872909726
187.993311036789322
187.918060200668918
187.842809364548515
187.767558528428111
187.692307692307736
187.617056856187332
187.541806020066929
187.466555183946525
187.391304347826122
187.316053511705718
187.240802675585314
187.165551839464911
187.090301003344507
187.015050167224132
186.939799331103728
186.864548494983325
186.789297658862921
186.714046822742517
186.638795986622114
186.563545150501710
186.488294314381335
186.413043478260931
186.337792642140528
186.262541806020124
186.187290969899720
186.112040133779317
186.036789297658913
185.961538461538510
185.886287625418106
185.811036789297731
185.735785953177327
185.660535117056924
185.585284280936520
185.510033444816116
185.434782608695713
185.359531772575309
185.284280936454934
185.209030100334530
185.133779264214127
185.058528428093723
184.431438127092861
181.872909698999251
179.314381270905642
176.755852842812061
174.197324414718452
171.638795986624842
169.080267558531261
166.521739130437652
163.963210702344043
161.404682274250433
158.846153846156824
156.287625418063243
153.729096989969634
151.170568561876024
148.612040133782443
146.053511705688834
143.494983277595225
140.936454849501615
138.377926421408006
135.819397993314425
133.260869565220816
130.702341137127206
128.143812709033625
125.585284280940016
123.026755852846406
120.468227424752797
117.909698996659202
115.351170568565607
112.792642140471997
110.234113712378388
107.675585284284793
105.117056856191198
102.558528428097588
100.000000000003979
