    5.0000
53432372907622.3125
571003694907842151629979648.0000
6102016471589203566451561700331379228672.0000
81521273170528961138109239488251277650952192.0000
38507922782621337598999691519028581367808000.0000
18189854738044023749399528612316242583224320.0000
8592278977469668487882141324823943714963456.0000
4058705200776437564552241644129949109452800.0000
1917196584282793763936381814710241377386496.0000
905619541444511712850482461807724652920832.0000
427784380887042442541839742038188933251072.0000
202071033316061453198513280494286223179776.0000
95451597416322694248652553169014672588800.0000
3077537744396766924453343307759616.0000
25923527642935359176704.0000
